  77  91  85  82  84  82  86  82  76  78  81  82  84  82  77  68
  91 108 107 104  90  54  36  29  36  57  90 106 107 105 107  94
  89 105 103  69  23  18  17  17  18  18  24  68 109 107 103  90
  88 106  74  20  18  18  17  18  19  18  19  20  68 108 105  89
  89  97  26  18  18  18  28  35  30  19  16  17  23  94 107  90
  91  67  17  17  18  57 104  99  96  62  20  18  18  54 106  91
  91  44  18  18  36 109 112 107 103  99  45  18  17  31 104  94
  81  31  18  18  58 109 112 109 107 106  74  19  19  21 102  94
  84  30  17  17  65 114 110 109 108 106  77  18  18  22 105 100
  81  38  17  18  43 111 109 110 114 110  55  18  16  28 111 102
  82  58  19  17  18  66 107 114 115  81  21  18  17  49 116  96
  84  92  23  17  18  20  40  60  46  21  17  19  19  91 116  96
  84 106  69  18  17  17  16  17  16  17  17  17  56 111 115  98
  86 107 108  68  20  17  17  17  16  17  19  54 111 113 115  96
  87 110 109 109  90  50  27  25  25  44  83 114 114 112 113  97
  83  97  97 100 104 103  94  90  93 103 106 103 103 102 107  92
 161 187 179 179 181 172 173 173 165 169 172 168 171 170 169 150
 186 210 209 208 180 102  56  45  61 107 180 210 209 209 209 192
 183 208 207 132  34  25  25  24  24  25  35 126 207 209 208 183
 177 209 136  29  24  25  25  26  26  26  25  29 130 210 209 180
 184 188  43  24  24  25  56  79  60  28  24  23  36 184 210 184
 182 123  24  25  27 119 207 204 199 129  27  23  25 104 210 180
 183  74  25  25  73 208 210 209 209 205  89  24  24  56 204 187
 165  50  25  24 123 209 209 208 209 208 147  26  23  35 201 187
 172  49  24  24 128 208 208 209 209 209 151  26  25  37 197 189
 172  66  24  26  82 206 209 208 209 208  99  22  24  49 208 192
 172 113  24  25  28 132 206 208 209 159  31  24  24  99 210 181
 175 184  37  24  24  28  76 116  85  29  24  24  31 174 210 187
 172 210 130  27  23  23  24  24  23  23  24  25 107 208 209 190
 176 210 206 123  29  24  23  23  22  24  29 103 206 209 210 187
 178 209 209 209 170  89  43  35  37  78 154 210 210 208 208 192
 173 191 195 196 195 199 183 179 189 194 198 193 199 195 197 178
 176 196 191 195 192 183 188 185 183 189 185 181 189 188 187 170
 195 209 209 209 185 114  68  56  71 119 184 209 208 209 209 198
 191 209 208 143  40  28  29  28  27  27  41 139 208 208 209 191
 188 209 144  33  28  28  28  31  28  29  28  35 138 208 209 189
 188 191  51  27  28  31  70  97  75  34  29  28  45 185 208 197
 193 134  29  27  32 140 210 209 208 148  32  26  28 118 209 192
 191  85  30  28  90 210 208 209 209 210 107  28  28  68 203 197
 174  57  27  29 139 210 209 208 210 210 157  31  28  46 200 193
 183  55  28  28 139 208 210 210 209 208 163  30  28  50 199 198
 183  74  28  28  97 208 210 209 208 207 110  28  27  63 208 200
 182 128  30  28  36 148 207 209 208 168  39  27  28 114 211 194
 183 187  46  27  27  36  91 127 102  38  26  26  39 180 209 195
 183 210 143  32  27  26  26  26  26  26  26  30 119 210 209 194
 186 210 208 136  35  28  26  26  26  26  37 118 206 209 209 193
 187 209 208 209 175  96  52  42  48  89 161 211 209 208 209 199
 179 199 203 202 198 201 192 190 203 199 199 201 206 200 199 187

  68  94  90  89  90  91  94  94 100 102  96  96  98  96  97  92
  77 107 103 105 107 106 104 102 105 111 116 116 115 115 113 107
  82 105 107 108  94  54  31  21  22  28  49  91 111 113 112 102
  84 107 109  68  23  18  17  19  18  16  17  19  56 111 114 103
  82 106  68  20  17  18  18  19  18  18  18  19  17  54 114 103
  81  90  24  19  16  20  45  74  77  55  21  17  17  19  83 106
  78  57  18  18  19  62  99 106 106 110  81  21  17  17  44 103
  76  36  18  19  30  96 103 107 108 114 115  46  16  16  25  93
  82  29  17  18  35  99 107 109 109 110 114  60  17  17  25  90
  86  36  17  17  28 104 112 112 110 109 107  40  16  17  27  94
  82  54  18  18  18  57 109 109 114 111  66  20  17  17  50 103
  84  90  23  18  18  18  36  58  65  43  18  18  17  20  90 104
  82 104  69  20  18  17  18  18  17  18  17  17  18  68 109 100
  85 107 103  74  26  17  18  18  17  17  19  23  69 108 109  97
  91 108 105 106  97  67  44  31  30  38  58  92 106 107 110  97
  77  91  89  88  89  91  91  81  84  81  82  84  84  86  87  83
 150 192 183 180 184 180 187 187 189 192 181 187 190 187 192 178
 169 209 208 209 210 210 204 201 197 208 210 210 209 210 208 197
 170 209 209 210 184 104  56  35  37  49  99 174 208 209 208 195
 171 209 207 130  36  25  24  23  25  24  24  31 107 206 210 199
 168 210 126  29  23  23  24  26  26  22  24  24  25 103 210 193
 172 180  35  25  24  27  89 147 151  99  31  24  24  29 154 198
 169 107  25  26  28 129 205 208 209 208 159  29  23  24  78 194
 165  61  24  26  60 199 209 209 209 209 209  85  23  22  37 189
 173  45  24  26  79 204 209 208 209 208 208 116  24  23  35 179
 173  56  25  25  56 207 210 209 208 209 206  76  24  23  43 183
 172 102  25  25  25 119 208 209 208 206 132  28  23  24  89 199
 181 180  34  24  24  27  73 123 128  82  28  24  23  29 170 195
 179 208 132  29  24  25  25  24  24  26  25  24  27 123 209 196
 179 209 207 136  43  24  25  25  24  24  24  37 130 206 209 195
 187 210 208 209 188 123  74  50  49  66 113 184 210 210 209 191
 161 186 183 177 184 182 183 165 172 172 172 175 172 176 178 173
 170 198 191 189 197 192 197 193 198 200 194 195 194 193 199 187
 187 209 209 209 208 209 203 200 199 208 211 209 209 209 209 199
 188 209 208 208 185 118  68  46  50  63 114 180 210 209 208 200
 189 208 208 138  45  28  28  28  28  27  28  39 119 206 209 206
 181 209 139  35  28  26  28  31  30  28  27  26  30 118 211 201
 185 184  41  28  29  32 107 157 163 110  39  26  26  37 161 199
 189 119  27  29  34 148 210 210 208 207 168  38  26  26  89 199
 183  71  27  28  75 208 209 210 209 208 208 102  26  26  48 203
 185  56  28  31  97 209 209 208 210 209 209 127  26  26  42 190
 188  68  29  28  70 210 208 209 210 210 207  91  26  26  52 192
 183 114  28  28  31 140 210 210 208 208 148  36  26  28  96 201
 192 185  40  28  28  32  90 139 139  97  36  27  27  35 175 198
 195 209 143  33  27  27  28  29  28  28  28  27  32 136 209 202
 191 209 208 144  51  29  30  27  28  28  30  46 143 208 208 203
 196 209 209 209 191 134  85  57  55  74 128 187 210 210 209 199
 176 195 191 188 188 193 191 174 183 183 182 183 183 186 187 179

  92 107 102 103 103 106 103  93  90  94 103 104 100  97  97  83
  97 113 112 114 114  83  44  25  25  27  50  90 109 109 110  87
  96 115 113 111  54  19  17  16  17  17  17  20  68 108 107  86
  98 115 111  56  17  17  17  16  17  16  17  17  18  69 106  84
  96 116  91  19  19  17  21  46  60  40  20  18  17  23  92  84
  96 116  49  17  18  21  81 115 114 107  66  18  17  19  58  82
 102 111  28  16  18  55 110 114 110 109 111  43  18  17  38  81
 100 105  22  18  18  77 106 108 109 110 114  65  17  17  30  84
  94 102  21  19  19  74 106 107 109 112 109  58  18  18  31  81
  94 104  31  17  18  45  99 103 107 112 109  36  18  18  44  91
  91 106  54  18  18  20  62  96  99 104  57  18  17  17  67  91
  90 107  94  23  17  16  19  30  35  28  18  18  18  26  97  89
  89 105 108  68  20  19  18  19  18  17  18  18  20  74 106  88
  90 103 107 109  68  24  18  18  17  17  18  23  69 103 105  89
  94 107 105 107 106  90  57  36  29  36  54  90 104 107 108  91
  68  77  82  84  82  81  78  76  82  86  82  84  82  85  91  77
 178 197 195 199 193 198 194 189 179 183 199 195 196 195 191 173
 192 208 208 210 210 154  78  37  35  43  89 170 209 209 209 178
 187 210 209 206 103  29  24  22  23  23  24  29 123 206 210 176
 190 209 208 107  25  24  23  23  24  24  23  23  27 130 210 172
 187 210 174  31  24  24  29  85 116  76  28  24  24  37 184 175
 181 210  99  24  24  31 159 209 208 206 132  28  25  24 113 172
 192 208  49  24  22  99 208 209 208 209 206  82  26  24  66 172
 189 197  37  25  26 151 209 209 209 208 208 128  24  24  49 172
 187 201  35  23  26 147 208 209 208 209 209 123  24  25  50 165
 187 204  56  24  24  89 205 209 209 210 208  73  25  25  74 183
 180 210 104  25  23  27 129 199 204 207 119  27  25  24 123 182
 184 210 184  36  23  24  28  60  79  56  25  24  24  43 188 184
 180 209 210 130  29  25  26  26  26  25  25  24  29 136 209 177
 183 208 209 207 126  35  25  24  24  25  25  34 132 207 208 183
 192 209 209 209 210 180 107  61  45  56 102 180 208 209 210 186
 150 169 170 171 168 172 169 165 173 173 172 181 179 179 187 161
 187 199 200 206 201 199 199 203 190 192 201 198 202 203 199 179
 199 209 208 209 211 161  89  48  42  52  96 175 209 208 209 187
 193 209 209 206 118  37  26  26  26  26  28  35 136 208 210 186
 194 209 210 119  30  26  26  26  26  26  26  27  32 143 210 183
 195 209 180  39  26  26  38 102 127  91  36  27  27  46 187 183
 194 211 114  28  27  39 168 208 209 207 148  36  28  30 128 182
 200 208  63  27  28 110 207 208 209 210 208  97  28  28  74 183
 198 199  50  28  30 163 208 209 210 210 208 139  28  28  55 183
 193 200  46  28  31 157 210 210 208 209 210 139  29  27  57 174
 197 203  68  28  28 107 210 209 209 208 210  90  28  30  85 191
 192 209 118  28  26  32 148 208 209 210 140  32  27  29 134 193
 197 208 185  45  28  29  34  75  97  70  31  28  27  51 191 188
 189 209 208 138  35  28  29  28  31  28  28  28  33 144 209 188
 191 209 208 208 139  41  27  27  28  29  28  40 143 208 209 191
 198 209 209 208 209 184 119  71  56  68 114 185 209 209 209 195
 170 187 188 189 181 185 189 183 185 188 183 192 195 191 196 176

  83  87  86  84  84  82  81  84  81  91  91  89  88  89  91  77
  97 110 107 106  92  58  38  30  31  44  67  97 106 105 108  91
  97 109 108  69  23  19  17  17  18  18  17  26  74 103 107  85
 100 109  68  18  17  17  18  17  18  18  17  18  20  69 104  82
 104  90  20  17  18  18  43  65  58  36  18  18  18  23  90  84
 103  50  17  17  20  66 111 114 109 109  57  18  18  18  54  82
  94  27  17  16  40 107 109 110 112 112 104  28  17  17  36  86
  90  25  17  17  60 114 110 109 109 107  99  35  18  17  29  82
  93  25  16  16  46 115 114 108 107 103  96  30  19  18  36  76
 103  44  17  17  21  81 110 106 106  99  62  19  18  18  57  78
 106  83  19  17  17  21  55  77  74  45  20  16  19  24  90  81
 103 114  54  17  19  18  18  18  19  18  18  17  20  68 106  82
 103 114 111  56  19  17  16  18  19  17  18  23  68 109 107  84
 102 112 113 111  91  49  28  22  21  31  54  94 108 107 105  82
 107 113 115 115 116 116 111 105 102 104 106 107 105 103 107  77
  92  97  96  98  96  96 102 100  94  94  91  90  89  90  94  68
 173 178 176 172 175 172 172 172 165 183 182 184 177 183 186 161
 191 209 210 210 184 113  66  49  50  74 123 188 209 208 210 187
 195 209 206 130  37  24  24  24  25  25  24  43 136 207 209 179
 196 209 123  27  24  25  26  24  24  25  25  24  29 132 208 179
 195 170  29  23  24  28  82 128 123  73  27  24  24  34 180 181
 199  89  24  23  28 132 206 208 209 208 119  25  25  25 102 172
 183  43  23  24  76 206 209 208 209 210 207  56  25  25  56 173
 179  35  23  24 116 208 208 209 208 209 204  79  26  24  45 173
 189  37  22  23  85 209 209 209 209 209 199  60  26  24  61 165
 194  78  24  23  29 159 208 209 208 205 129  28  26  25 107 169
 198 154  29  24  24  31  99 151 147  89  27  24  25  35 180 172
 193 210 103  25  24  24  22  26  26  24  23  23  29 126 210 168
 199 210 206 107  31  24  24  25  23  24  25  36 130 207 209 171
 195 208 209 208 174  99  49  37  35  56 104 184 210 209 209 170
 197 208 210 209 210 210 208 197 201 204 210 210 209 208 209 169
 178 192 187 190 187 181 192 189 187 187 180 184 180 183 192 150
 179 187 186 183 183 182 183 183 174 191 193 188 188 191 195 176
 199 209 210 210 187 128  74  55  57  85 134 191 209 209 209 196
 203 208 208 143  46  30  28  28  27  30  29  51 144 208 209 191
 202 209 136  32  27  28  28  28  29  28  27  27  33 143 209 195
 198 175  35  27  27  36  97 139 139  90  32  28  28  40 185 192
 201  96  28  26  36 148 208 208 210 210 140  31  28  28 114 183
 192  52  26  26  91 207 210 210 209 208 210  70  28  29  68 188
 190  42  26  26 127 209 209 210 208 209 209  97  31  28  56 185
 203  48  26  26 102 208 208 209 210 209 208  75  28  27  71 183
 199  89  26  26  38 168 207 208 210 210 148  34  29  27 119 189
 199 161  37  26  26  39 110 163 157 107  32  29  28  41 184 185
 201 211 118  30  26  27  28  30  31  28  26  28  35 139 209 181
 206 209 206 119  39  28  27  28  28  28  28  45 138 208 208 189
 200 208 209 210 180 114  63  50  46  68 118 185 208 208 209 188
 199 209 209 209 209 211 208 199 200 203 209 208 209 209 209 187
 187 199 193 194 195 194 200 198 193 197 192 197 189 191 198 170

