 162 198 193 192 195 193 187 193 190 187 180 182 179 183 169 166
 190 206 207 211 205 206 204 203 196 197 192 189 191 189 183 177
 192 208 209 210 206 208 208 205 200 197 197 193 191 190 188 179
 190 208 208 209 208 208 210 208 205 202 197 197 198 191 190 180
 192 205 193 210 210 209 209 207 206 206 199 201 202 190 183 182
 197 202 112 204 210 209 207 207 208 205 201 204 196 128 160 182
 197 205  70 125 208 210 209 210 212 207 203 202 164  46 163 184
 198 209 104  16 143 210 208 207 207 205 199 169  47  37 178 187
 198 208 133  12  11  88 165 207 209 185 117  32  14  79 191 189
 206 210 180  28   9   5  13  36  38  20   9  11  18 133 195 186
 206 209 204 101  11   7  11  11   8   9  10   7  62 189 200 186
 205 210 207 190  52  18  10   8  10  10   8  28 158 203 204 192
 207 211 211 207 177  49   8  11   7  11  34 146 200 205 201 197
 211 210 211 210 210 188 127  77  77 115 181 209 209 207 204 195
 213 211 213 212 211 210 213 210 209 214 213 210 211 209 210 199
 214 214 212 212 210 212 214 213 212 214 210 210 214 208 206 196
 221 250 245 245 249 248 242 244 247 247 236 243 242 243 233 228
 250 255 255 255 255 255 255 255 255 255 255 255 255 255 255 250
 249 255 255 255 255 255 255 255 255 255 255 255 255 255 255 252
 250 255 255 255 255 255 255 255 255 255 255 255 255 255 255 253
 250 255 247 255 255 255 255 255 255 255 255 255 255 255 250 254
 253 255 174 255 255 255 255 255 255 255 255 255 255 188 225 253
 252 255 112 185 255 255 255 255 255 255 255 255 230  84 227 254
 251 255 141  57 203 255 255 255 255 255 255 231  93  65 242 255
 251 255 182  34  48 142 220 255 255 240 176  69  32 112 253 255
 254 255 240  57  26  34  58  85  89  59  37  29  35 183 255 253
 255 255 254 149  28  27  27  27  27  26  27  30 103 252 255 252
 255 255 255 244  81  26  29  26  25  27  28  61 220 255 255 255
 255 255 255 255 232  72  25  26  28  30  66 202 254 255 255 255
 255 255 255 255 255 244 165 105 108 153 234 255 255 255 255 255
 255 255 255 255 255 255 255 253 254 255 255 255 255 255 255 255
 255 255 255 255 255 255 255 255 255 255 255 255 255 255 255 255
 211 248 243 244 247 247 242 244 246 246 231 240 238 243 232 220
 248 255 255 255 255 255 255 255 255 255 254 254 254 254 253 244
 248 255 255 255 255 255 255 255 255 255 255 255 255 255 254 246
 247 255 255 255 255 255 255 255 255 255 255 255 255 255 254 247
 246 255 246 255 255 255 255 255 255 255 255 255 255 252 250 249
 247 251 171 255 255 255 255 255 255 255 255 255 255 197 211 252
 247 254 112 188 255 255 255 255 255 255 255 255 232  89 213 253
 246 255 136  64 205 255 255 255 255 255 255 234 103  55 234 254
 247 255 195  32  56 142 219 255 255 239 180  79  33  96 247 254
 252 255 247  66  30  33  57  88  84  60  37  29  38 161 254 252
 255 255 255 161  31  24  21  28  28  24  26  27 106 248 255 249
 255 255 255 247  89  27  22  24  23  26  27  59 218 255 255 253
 255 255 255 255 235  74  26  28  26  31  64 199 255 255 255 255
 255 255 255 255 255 243 164 104 103 150 232 254 255 255 255 255
 255 255 255 255 255 255 255 252 251 254 255 255 255 255 255 255
 255 255 255 255 255 255 255 255 255 255 255 255 255 255 255 255

 166 177 179 180 182 182 184 187 189 186 186 192 197 195 199 196
 169 183 188 190 183 160 163 178 191 195 200 204 201 204 210 206
 183 189 190 191 190 128  46  37  79 133 189 203 205 207 209 208
 179 191 191 198 202 196 164  47  14  18  62 158 200 209 211 214
 182 189 193 197 201 204 202 169  32  11   7  28 146 209 210 210
 180 192 197 197 199 201 203 199 117   9  10   8  34 181 213 210
 187 197 197 202 206 205 207 205 185  20   9  10  11 115 214 214
 190 196 200 205 206 208 212 207 209  38   8  10   7  77 209 212
 193 203 205 208 207 207 210 207 207  36  11   8  11  77 210 213
 187 204 208 210 209 207 209 208 165  13  11  10   8 127 213 214
 193 206 208 208 209 209 210 210  88   5   7  18  49 188 210 212
 195 205 206 208 210 210 208 143  11   9  11  52 177 210 211 210
 192 211 210 209 210 204 125  16  12  28 101 190 207 210 212 212
 193 207 209 208 193 112  70 104 133 180 204 207 211 211 213 212
 198 206 208 208 205 202 205 209 208 210 209 210 211 210 211 214
 162 190 192 190 192 197 197 198 198 206 206 205 207 211 213 214
 228 250 252 253 254 253 254 255 255 253 252 255 255 255 255 255
 233 255 255 255 250 225 227 242 253 255 255 255 255 255 255 255
 243 255 255 255 255 188  84  65 112 183 252 255 255 255 255 255
 242 255 255 255 255 255 230  93  32  35 103 220 254 255 255 255
 243 255 255 255 255 255 255 231  69  29  30  61 202 255 255 255
 236 255 255 255 255 255 255 255 176  37  27  28  66 234 255 255
 247 255 255 255 255 255 255 255 240  59  26  27  30 153 255 255
 247 255 255 255 255 255 255 255 255  89  27  25  28 108 254 255
 244 255 255 255 255 255 255 255 255  85  27  26  26 105 253 255
 242 255 255 255 255 255 255 255 220  58  27  29  25 165 255 255
 248 255 255 255 255 255 255 255 142  34  27  26  72 244 255 255
 249 255 255 255 255 255 255 203  48  26  28  81 232 255 255 255
 245 255 255 255 255 255 185  57  34  57 149 244 255 255 255 255
 245 255 255 255 247 174 112 141 182 240 254 255 255 255 255 255
 250 255 255 255 255 255 255 255 255 255 255 255 255 255 255 255
 221 250 249 250 250 253 252 251 251 254 255 255 255 255 255 255
 220 244 246 247 249 252 253 254 254 252 249 253 255 255 255 255
 232 253 254 254 250 211 213 234 247 254 255 255 255 255 255 255
 243 254 255 255 252 197  89  55  96 161 248 255 255 255 255 255
 238 254 255 255 255 255 232 103  33  38 106 218 255 255 255 255
 240 254 255 255 255 255 255 234  79  29  27  59 199 254 255 255
 231 254 255 255 255 255 255 255 180  37  26  27  64 232 255 255
 246 255 255 255 255 255 255 255 239  60  24  26  31 150 254 255
 246 255 255 255 255 255 255 255 255  84  28  23  26 103 251 255
 244 255 255 255 255 255 255 255 255  88  28  24  28 104 252 255
 242 255 255 255 255 255 255 255 219  57  21  22  26 164 255 255
 247 255 255 255 255 255 255 255 142  33  24  27  74 243 255 255
 247 255 255 255 255 255 255 205  56  30  31  89 235 255 255 255
 244 255 255 255 255 255 188  64  32  66 161 247 255 255 255 255
 243 255 255 255 246 171 112 136 195 247 255 255 255 255 255 255
 248 255 255 255 255 251 254 255 255 255 255 255 255 255 255 255
 211 248 248 247 246 247 247 246 247 252 255 255 255 255 255 255

 196 206 208 214 210 210 214 212 213 214 212 210 212 212 214 214
 199 210 209 211 210 213 214 209 210 213 210 211 212 213 211 213
 195 204 207 209 209 181 115  77  77 127 188 210 210 211 210 211
 197 201 205 200 146  34  11   7  11   8  49 177 207 211 211 207
 192 204 203 158  28   8  10  10   8  10  18  52 190 207 210 205
 186 200 189  62   7  10   9   8  11  11   7  11 101 204 209 206
 186 195 133  18  11   9  20  38  36  13   5   9  28 180 210 206
 189 191  79  14  32 117 185 209 207 165  88  11  12 133 208 198
 187 178  37  47 169 199 205 207 207 208 210 143  16 104 209 198
 184 163  46 164 202 203 207 212 210 209 210 208 125  70 205 197
 182 160 128 196 204 201 205 208 207 207 209 210 204 112 202 197
 182 183 190 202 201 199 206 206 207 209 209 210 210 193 205 192
 180 190 191 198 197 197 202 205 208 210 208 208 209 208 208 190
 179 188 190 191 193 197 197 200 205 208 208 206 210 209 208 192
 177 183 189 191 189 192 197 196 203 204 206 205 211 207 206 190
 166 169 183 179 182 180 187 190 193 187 193 195 192 193 198 162
 255 255 255 255 255 255 255 255 255 255 255 255 255 255 255 255
 255 255 255 255 255 255 255 254 253 255 255 255 255 255 255 255
 255 255 255 255 255 234 153 108 105 165 244 255 255 255 255 255
 255 255 255 254 202  66  30  28  26  25  72 232 255 255 255 255
 255 255 255 220  61  28  27  25  26  29  26  81 244 255 255 255
 252 255 252 103  30  27  26  27  27  27  27  28 149 254 255 255
 253 255 183  35  29  37  59  89  85  58  34  26  57 240 255 254
 255 253 112  32  69 176 240 255 255 220 142  48  34 182 255 251
 255 242  65  93 231 255 255 255 255 255 255 203  57 141 255 251
 254 227  84 230 255 255 255 255 255 255 255 255 185 112 255 252
 253 225 188 255 255 255 255 255 255 255 255 255 255 174 255 253
 254 250 255 255 255 255 255 255 255 255 255 255 255 247 255 250
 253 255 255 255 255 255 255 255 255 255 255 255 255 255 255 250
 252 255 255 255 255 255 255 255 255 255 255 255 255 255 255 249
 250 255 255 255 255 255 255 255 255 255 255 255 255 255 255 250
 228 233 243 242 243 236 247 247 244 242 248 249 245 245 250 221
 255 255 255 255 255 255 255 255 255 255 255 255 255 255 255 255
 255 255 255 255 255 255 254 251 252 255 255 255 255 255 255 255
 255 255 255 255 254 232 150 103 104 164 243 255 255 255 255 255
 255 255 255 255 199  64  31  26  28  26  74 235 255 255 255 255
 253 255 255 218  59  27  26  23  24  22  27  89 247 255 255 255
 249 255 248 106  27  26  24  28  28  21  24  31 161 255 255 255
 252 254 161  38  29  37  60  84  88  57  33  30  66 247 255 252
 254 247  96  33  79 180 239 255 255 219 142  56  32 195 255 247
 254 234  55 103 234 255 255 255 255 255 255 205  64 136 255 246
 253 213  89 232 255 255 255 255 255 255 255 255 188 112 254 247
 252 211 197 255 255 255 255 255 255 255 255 255 255 171 251 247
 249 250 252 255 255 255 255 255 255 255 255 255 255 246 255 246
 247 254 255 255 255 255 255 255 255 255 255 255 255 255 255 247
 246 254 255 255 255 255 255 255 255 255 255 255 255 255 255 248
 244 253 254 254 254 254 255 255 255 255 255 255 255 255 255 248
 220 232 243 238 240 231 246 246 244 242 247 247 244 243 248 211

 214 213 211 207 205 206 206 198 198 197 197 192 190 192 190 162
 214 211 210 211 210 209 210 208 209 205 202 205 208 208 206 198
 212 213 211 211 207 204 180 133 104  70 112 193 208 209 207 193
 212 212 210 207 190 101  28  12  16 125 204 210 209 210 211 192
 210 211 210 177  52  11   9  11 143 208 210 210 208 206 205 195
 212 210 188  49  18   7   5  88 210 210 209 209 208 208 206 193
 214 213 127   8  10  11  13 165 208 209 207 209 210 208 204 187
 213 210  77  11   8  11  36 207 207 210 207 207 208 205 203 193
 212 209  77   7  10   8  38 209 207 212 208 206 205 200 196 190
 214 214 115  11  10   9  20 185 205 207 205 206 202 197 197 187
 210 213 181  34   8  10   9 117 199 203 201 199 197 197 192 180
 210 210 209 146  28   7  11  32 169 202 204 201 197 193 189 182
 214 211 209 200 158  62  18  14  47 164 196 202 198 191 191 179
 208 209 207 205 203 189 133  79  37  46 128 190 191 190 189 183
 206 210 204 201 204 200 195 191 178 163 160 183 190 188 183 169
 196 199 195 197 192 186 186 189 187 184 182 182 180 179 177 166
 255 255 255 255 255 255 254 251 251 252 253 250 250 249 250 221
 255 255 255 255 255 255 255 255 255 255 255 255 255 255 255 250
 255 255 255 255 255 254 240 182 141 112 174 247 255 255 255 245
 255 255 255 255 244 149  57  34  57 185 255 255 255 255 255 245
 255 255 255 232  81  28  26  48 203 255 255 255 255 255 255 249
 255 255 244  72  26  27  34 142 255 255 255 255 255 255 255 248
 255 255 165  25  29  27  58 220 255 255 255 255 255 255 255 242
 255 253 105  26  26  27  85 255 255 255 255 255 255 255 255 244
 255 254 108  28  25  27  89 255 255 255 255 255 255 255 255 247
 255 255 153  30  27  26  59 240 255 255 255 255 255 255 255 247
 255 255 234  66  28  27  37 176 255 255 255 255 255 255 255 236
 255 255 255 202  61  30  29  69 231 255 255 255 255 255 255 243
 255 255 255 254 220 103  35  32  93 230 255 255 255 255 255 242
 255 255 255 255 255 252 183 112  65  84 188 255 255 255 255 243
 255 255 255 255 255 255 255 253 242 227 225 250 255 255 255 233
 255 255 255 255 255 252 253 255 255 254 253 254 253 252 250 228
 255 255 255 255 255 255 252 247 246 247 247 246 247 248 248 211
 255 255 255 255 255 255 255 255 255 254 251 255 255 255 255 248
 255 255 255 255 255 255 247 195 136 112 171 246 255 255 255 243
 255 255 255 255 247 161  66  32  64 188 255 255 255 255 255 244
 255 255 255 235  89  31  30  56 205 255 255 255 255 255 255 247
 255 255 243  74  27  24  33 142 255 255 255 255 255 255 255 247
 255 255 164  26  22  21  57 219 255 255 255 255 255 255 255 242
 255 252 104  28  24  28  88 255 255 255 255 255 255 255 255 244
 255 251 103  26  23  28  84 255 255 255 255 255 255 255 255 246
 255 254 150  31  26  24  60 239 255 255 255 255 255 255 255 246
 255 255 232  64  27  26  37 180 255 255 255 255 255 255 254 231
 255 255 254 199  59  27  29  79 234 255 255 255 255 255 254 240
 255 255 255 255 218 106  38  33 103 232 255 255 255 255 254 238
 255 255 255 255 255 248 161  96  55  89 197 252 255 255 254 243
 255 255 255 255 255 255 254 247 234 213 211 250 254 254 253 232
 255 255 255 255 253 249 252 254 254 253 252 249 247 246 244 220

