  99 106 104 104 103 100  97 105 102 110 113 117 113 114 122 107
 125 151 146 134 133 129  83 111 137 146 142 148 151 152 153 141
 121 137 139 129  99  47  22  41 112 113  62  74 132 135 136 120
 121 130 122  82  28  21  21  22  49  34  21  27  94 129 128 107
 117 117  54  23  20  20  22  22  21  22  21  21  36 113 123 108
 121  62  22  21  21  20  21  20  20  21  21  22  21  56 113 106
 127  98  30  21  20  21  21  21  21  20  21  20  21  24  82 106
 118 117  73  21  19  19  20  20  20  21  21  21  22  44 107 100
 116  94  33  20  19  20  19  20  19  19  20  20  57 110 121 100
  85  22  22  20  19  19  19  20  20  19  21  21  40 104 114 100
 100  39  20  19  19  20  19  21  20  20  21  21  21  65 119 105
 107  99  26  20  19  20  20  20  21  20  21  21  28  87 131 123
 108 124  77  22  19  20  26  20  20  21  21  44 114 140 141 128
 111 128 116  56  28  72  94  29  20  26  70 129 138 141 143 130
 112 133 133 122 112 130 129  88  37  99 133 142 146 151 147 131
 111 133 129 137 138 135 132 129 123 132 131 137 142 142 141 124
 171 172 176 178 174 175 178 179 174 186 183 179 175 188 185 173
 204 209 208 209 209 206 136 184 210 209 208 210 209 209 209 207
 206 209 209 209 176  74  31  75 199 193 107 135 209 208 208 197
 207 209 205 141  43  32  33  33  91  56  31  42 167 209 208 195
 203 200  94  33  31  31  31  32  31  31  32  32  63 200 209 195
 207 108  33  32  29  29  30  31  32  32  30  31  32 103 208 194
 204 179  52  33  29  30  29  30  31  31  31  31  32  36 157 196
 199 209 140  32  28  30  32  30  30  30  31  31  33  90 197 192
 202 163  52  29  29  29  30  30  28  30  30  31 120 209 209 193
 159  33  32  27  27  29  30  29  28  30  30  31  78 204 209 197
 189  66  28  28  28  28  29  30  28  29  30  29  33 128 209 191
 198 179  40  29  29  29  29  29  29  29  30  30  48 156 210 206
 200 209 142  30  28  31  44  28  29  29  32  84 197 210 209 200
 195 209 206  94  48 143 182  46  28  41 131 207 210 209 209 203
 194 209 209 200 192 210 209 156  67 174 211 209 209 208 209 206
 196 209 208 209 208 210 208 209 207 210 208 208 209 208 208 200
 187 183 189 188 185 184 194 190 183 197 197 193 187 197 193 188
 210 209 209 209 209 206 146 189 208 209 208 209 209 209 208 206
 209 209 209 208 179  85  37  88 202 194 118 146 209 209 208 201
 206 209 205 149  49  37  37  40 104  67  34  51 174 209 209 204
 203 198 106  40  35  35  36  38  37  38  36  35  76 199 209 203
 205 116  38  37  34  34  34  36  37  36  36  36  37 115 211 202
 208 185  64  36  34  35  33  36  35  35  36  37  37  44 169 201
 209 208 144  39  34  34  35  34  35  35  35  36  40 106 202 196
 209 168  64  33  32  34  36  35  32  35  35  37 134 209 209 202
 171  43  36  31  32  35  34  33  33  34  35  37  93 208 209 205
 191  81  32  32  32  34  34  35  34  33  33  34  40 141 210 201
 200 185  47  34  34  34  34  33  32  34  34  36  60 169 210 203
 201 209 151  37  33  39  52  34  35  35  36  99 197 208 209 200
 202 209 207 104  60 159 190  58  33  52 148 209 210 208 209 202
 206 209 210 202 197 210 209 166  84 185 210 208 209 209 209 208
 206 208 208 209 209 209 209 209 209 211 209 208 208 209 209 206

 107 141 120 107 108 106 106 100 100 100 105 123 128 130 131 124
 122 153 136 128 123 113  82 107 121 114 119 131 141 143 147 141
 114 152 135 129 113  56  24  44 110 104  65  87 140 141 151 142
 113 151 132  94  36  21  21  22  57  40  21  28 114 138 146 142
 117 148  74  27  21  22  20  21  20  21  21  21  44 129 142 137
 113 142  62  21  21  21  21  21  20  21  21  21  21  70 133 131
 110 146 113  34  22  21  20  21  19  19  20  20  21  26  99 132
 102 137 112  49  21  20  21  20  19  20  20  21  20  20  37 123
 105 111  41  22  22  20  21  20  20  20  21  20  20  29  88 129
  97  83  22  21  22  21  21  20  19  19  19  20  26  94 129 132
 100 129  47  21  20  20  21  19  20  19  20  20  20  72 130 135
 103 133  99  28  20  21  20  19  19  19  19  19  19  28 112 138
 104 134 129  82  23  21  21  21  20  20  19  20  22  56 122 137
 104 146 139 122  54  22  30  73  33  22  20  26  77 116 133 129
 106 151 137 130 117  62  98 117  94  22  39  99 124 128 133 133
  99 125 121 121 117 121 127 118 116  85 100 107 108 111 112 111
 173 207 197 195 195 194 196 192 193 197 191 206 200 203 206 200
 185 209 208 208 209 208 157 197 209 209 209 210 209 209 209 208
 188 209 208 209 200 103  36  90 209 204 128 156 210 209 208 208
 175 209 209 167  63  32  32  33 120  78  33  48 197 210 209 209
 179 210 135  42  32  31  31  31  31  31  29  30  84 207 209 208
 183 208 107  31  32  30  31  31  30  30  30  30  32 131 211 208
 186 209 193  56  31  32  31  30  30  30  29  29  29  41 174 210
 174 210 199  91  31  32  31  30  28  28  28  29  29  28  67 207
 179 184  75  33  32  31  30  30  30  29  30  29  28  46 156 209
 178 136  31  33  31  30  29  32  30  30  29  29  44 182 209 208
 175 206  74  32  31  29  30  30  29  29  28  29  31 143 210 210
 174 209 176  43  31  29  29  28  29  27  28  29  28  48 192 208
 178 209 209 141  33  32  33  32  29  27  28  29  30  94 200 209
 176 208 209 205  94  33  52 140  52  32  28  40 142 206 209 208
 172 209 209 209 200 108 179 209 163  33  66 179 209 209 209 209
 171 204 206 207 203 207 204 199 202 159 189 198 200 195 194 196
 188 206 201 204 203 202 201 196 202 205 201 203 200 202 208 206
 193 208 208 209 209 211 169 202 209 209 210 210 209 209 209 209
 197 209 209 209 199 115  44 106 209 208 141 169 208 208 209 209
 187 209 209 174  76  37  37  40 134  93  40  60 197 210 209 208
 193 209 146  51  35  36  37  36  37  37  34  36  99 209 208 208
 197 208 118  34  36  36  36  35  35  35  33  34  36 148 210 209
 197 209 194  67  38  36  35  35  35  34  33  34  35  52 185 211
 183 208 202 104  37  37  35  35  32  33  34  32  35  33  84 209
 190 189  88  40  38  36  36  34  35  33  35  33  34  58 166 209
 194 146  37  37  36  34  33  35  36  34  34  34  52 190 209 209
 184 206  85  37  35  34  35  34  34  35  34  34  39 159 210 209
 185 209 179  49  35  34  34  34  32  32  32  34  33  60 197 209
 188 209 208 149  40  37  36  39  33  31  32  34  37 104 202 209
 189 209 209 205 106  38  64 144  64  36  32  47 151 207 210 208
 183 209 209 209 198 116 185 208 168  43  81 185 209 209 209 208
 187 210 209 206 203 205 208 209 209 171 191 200 201 202 206 206

 124 141 142 142 137 131 132 123 129 132 135 138 137 129 133 111
 131 147 151 146 142 133  99  37  88 129 130 112 122 133 133 112
 130 143 141 138 129  70  26  20  29  94  72  28  56 116 128 111
 128 141 140 114  44  21  21  20  20  26  20  19  22  77 124 108
 123 131  87  28  21  21  20  21  20  20  20  19  20  26  99 107
 105 119  65  21  21  21  20  20  21  19  20  19  19  20  39 100
 100 114 104  40  21  21  19  20  20  19  19  19  20  22  22  85
 100 121 110  57  20  20  19  19  20  19  20  19  20  33  94 116
 100 107  44  22  21  21  21  20  20  20  19  19  21  73 117 118
 106  82  24  21  20  21  20  21  21  21  21  20  21  30  98 127
 106 113  56  21  22  21  21  20  20  21  20  21  21  22  62 121
 108 123 113  36  21  21  22  21  22  22  20  20  23  54 117 117
 107 128 129  94  27  21  34  49  22  21  21  28  82 122 130 121
 120 136 135 132  74  62 113 112  41  22  47  99 129 139 137 121
 141 153 152 151 148 142 146 137 111  83 129 133 134 146 151 125
 107 122 114 113 117 113 110 102 105  97 100 103 104 104 106  99
 200 208 208 209 208 208 210 207 209 208 210 208 209 208 209 196
 206 209 208 209 209 211 174  67 156 209 210 192 200 209 209 194
 203 209 209 210 207 131  41  28  46 182 143  48  94 206 209 195
 200 209 210 197  84  32  29  29  28  44  31  28  30 142 209 200
 206 210 156  48  30  30  29  29  29  29  29  29  29  40 179 198
 191 209 128  33  29  30  29  28  30  29  28  28  28  28  66 189
 197 209 204  78  31  30  30  28  29  30  29  27  27  32  33 159
 193 209 209 120  31  30  30  28  30  30  29  29  29  52 163 202
 192 197  90  33  31  31  30  30  30  32  30  28  32 140 209 199
 196 157  36  32  31  31  31  31  30  29  30  29  33  52 179 204
 194 208 103  32  31  30  32  32  31  30  29  29  32  33 108 207
 195 209 200  63  32  32  31  31  32  31  31  31  33  94 200 203
 195 208 209 167  42  31  56  91  33  33  32  43 141 205 209 207
 197 208 208 209 135 107 193 199  75  31  74 176 209 209 209 206
 207 209 209 209 210 208 209 210 184 136 206 209 209 208 209 204
 173 185 188 175 179 183 186 174 179 178 175 174 178 176 172 171
 206 209 209 208 208 209 211 209 209 209 209 209 209 208 208 206
 208 209 209 209 208 210 185  84 166 209 210 197 202 210 209 206
 202 209 208 210 209 148  52  33  58 190 159  60 104 207 209 202
 200 209 208 197  99  36  35  35  34  52  39  33  37 151 209 201
 203 210 169  60  36  34  34  32  33  34  34  34  34  47 185 200
 201 210 141  40  34  33  33  34  35  34  34  32  32  32  81 191
 205 209 208  93  37  35  34  33  33  34  35  32  31  36  43 171
 202 209 209 134  37  35  35  32  35  36  34  32  33  64 168 209
 196 202 106  40  36  35  35  35  34  35  34  34  39 144 208 209
 201 169  44  37  37  36  35  35  36  33  35  34  36  64 185 208
 202 211 115  37  36  36  36  37  36  34  34  34  37  38 116 205
 203 209 199  76  35  36  38  37  38  36  35  35  40 106 198 203
 204 209 209 174  51  34  67 104  40  37  37  49 149 205 209 206
 201 208 209 209 146 118 194 202  88  37  85 179 208 209 209 209
 206 208 209 209 209 208 209 208 189 146 206 209 209 209 209 210
 188 193 197 187 193 197 197 183 190 194 184 185 188 189 183 187

 111 112 111 108 107 100  85 116 118 127 121 117 121 121 125  99
 133 133 128 124  99  39  22  94 117  98  62 117 130 137 151 106
 129 133 116  77  26  20  22  33  73  30  22  54 122 139 146 104
 137 122  56  22  20  19  20  20  21  21  21  23  82 129 134 104
 138 112  28  19  19  19  19  19  19  20  21  20  28  99 133 103
 135 130  72  20  20  20  19  20  19  21  20  20  21  47 129 100
 132 129  94  26  20  19  19  19  20  21  21  22  21  22  83  97
 129  88  29  20  20  21  20  20  20  21  20  22  22  41 111 105
 123  37  20  20  21  20  20  19  20  21  20  21  49 112 137 102
 132  99  26  21  20  20  19  19  21  20  21  22  34 113 146 110
 131 133  70  21  21  21  21  20  21  21  21  21  21  62 142 113
 137 142 129  44  21  21  21  20  21  20  22  21  27  74 148 117
 142 146 138 114  28  21  40  57  22  21  21  36  94 132 151 113
 142 151 141 140  87  65 104 110  44  24  56 113 129 135 152 114
 141 147 143 141 131 119 114 121 107  82 113 123 128 136 153 122
 124 131 130 128 123 105 100 100 100 106 106 108 107 120 141 107
 196 194 195 200 198 189 159 202 199 204 207 203 207 206 204 171
 209 209 209 209 179  66  33 163 209 179 108 200 209 209 209 172
 208 209 206 142  40  28  32  52 140  52  33  94 205 209 208 176
 209 200  94  30  29  28  27  29  32  33  32  33 141 209 209 178
 208 192  48  28  29  28  27  29  28  29  29  31  43 176 209 174
 210 210 143  31  29  28  29  29  30  30  29  31  32  74 206 175
 208 209 182  44  29  29  30  30  32  29  30  31  33  31 136 178
 209 156  46  28  29  30  29  30  30  30  31  32  33  75 184 179
 207  67  28  29  29  28  28  28  30  31  32  31  91 199 210 174
 210 174  41  29  29  29  30  30  30  31  32  31  56 193 209 186
 208 211 131  32  30  30  30  30  31  31  30  32  31 107 208 183
 208 209 207  84  30  29  31  31  31  31  31  32  42 135 210 179
 209 209 210 197  48  33  78 120  33  32  32  63 167 209 209 175
 208 208 209 210 156 128 204 209  90  36 103 200 209 208 209 188
 208 209 209 209 210 209 209 209 197 157 208 209 208 208 209 185
 200 206 203 200 206 191 197 193 192 196 194 195 195 197 207 173
 206 206 202 201 200 191 171 209 209 208 205 203 206 209 210 187
 208 209 209 209 185  81  43 168 208 185 116 198 209 209 209 183
 208 210 207 151  47  32  36  64 144  64  38 106 205 209 209 189
 209 202 104  37  34  32  31  33  39  36  37  40 149 208 209 188
 209 197  60  33  34  32  32  32  34  34  34  35  49 179 209 185
 209 210 159  39  34  34  35  34  34  35  34  35  37  85 206 184
 209 209 190  52  34  34  34  36  35  33  34  36  37  37 146 194
 209 166  58  34  33  35  33  35  34  36  36  38  40  88 189 190
 209  84  33  35  32  34  33  32  35  35  37  37 104 202 208 183
 211 185  52  35  34  33  34  35  35  35  36  38  67 194 209 197
 209 210 148  36  34  33  35  35  35  36  36  36  34 118 208 197
 208 208 209  99  36  34  37  37  36  37  36  35  51 146 209 193
 208 209 210 197  60  40  93 134  40  37  37  76 174 209 209 187
 209 209 208 208 169 141 208 209 106  44 115 199 209 209 209 197
 209 209 209 209 210 210 209 209 202 169 211 209 209 208 208 193
 206 208 202 200 203 201 205 202 196 201 202 203 204 201 206 188

