 102 114 111 110 112 112 121 116 117 121 122 118 118 117 119 108
 113 131 130 131 132 138 141 140 140 145 145 144 142 143 146 128
 113 133 130 134 135 139 141 141 143 148 146 146 145 149 149 129
 112 133 137 141 138 138 141 114  93 140 142 144 141 141 141 135
 116 139 142 131  94 133 144  72  53 134 132 102 129 143 145 137
 118 139 141 140  69  47 104  70  58  97  50  53 140 143 143 131
 114 137 139 137 126  74  25  19  19  22  62 122 139 138 135 125
 110 137 116  75  80  34  19  19  18  20  26  82  74 106 136 127
 112 139 113  76  86  35  18  19  20  19  28  88  74 112 139 131
 109 139 136 130 120  75  24  18  19  23  62 118 143 144 143 129
 108 138 139 133  60  52 105  58  56 102  53  49 127 125 140 130
 106 138 139 128  93 129 130  62  50 136 136 110 127 136 137 131
 106 134 136 137 135 131 129 105  89 140 146 151 149 142 138 129
 100 134 135 135 133 130 131 131 133 139 146 145 143 139 137 127
  99 132 132 134 136 135 133 134 138 142 145 144 139 138 140 127
  85 116 116 115 117 122 126 130 132 126 126 125 124 127 125 109
 184 198 196 192 192 190 208 203 203 201 201 199 196 192 192 192
 198 210 209 209 210 209 209 209 210 209 209 209 209 209 209 204
 197 209 209 210 209 208 208 209 208 208 208 210 208 209 209 201
 194 209 209 209 208 209 209 179 162 209 209 209 209 209 209 208
 193 209 209 204 157 203 209 124 102 209 205 165 205 208 209 207
 194 208 208 208 112  96 176 119 106 162  92  98 211 209 208 208
 192 209 208 209 198 137  36  28  27  31 120 200 209 209 209 208
 189 209 183 121 157  57  28  27  27  26  48 158 126 178 209 206
 188 209 193 134 163  62  27  27  28  27  54 167 137 185 210 205
 187 209 209 209 195 136  36  28  28  33 128 194 210 209 209 204
 185 209 208 209 102  97 185 121 116 175 100  88 206 209 209 203
 183 209 209 204 168 206 209 109  92 210 207 175 200 209 208 205
 182 209 209 209 209 208 209 182 160 210 209 209 210 209 209 207
 179 209 209 209 208 210 209 209 210 209 209 209 209 209 209 208
 184 210 208 208 209 209 209 208 209 209 209 208 209 208 209 207
 178 200 204 203 196 199 203 207 206 198 200 203 206 205 203 192
 202 209 205 205 204 202 204 204 203 202 201 200 198 198 197 201
 212 209 209 209 208 209 208 208 209 208 209 208 208 209 208 209
 207 209 210 209 209 210 209 210 209 209 209 208 209 209 209 209
 206 209 208 208 209 209 208 188 177 210 209 209 209 208 209 210
 207 209 209 209 176 204 208 138 126 210 206 176 204 209 208 208
 206 210 208 210 125 118 185 127 114 170 118 123 212 209 208 207
 203 209 209 210 202 149  44  34  32  40 132 206 209 209 209 204
 201 209 184 132 172  72  32  33  32  33  66 175 136 187 209 205
 200 209 198 144 176  77  32  33  31  32  67 185 155 194 209 203
 198 208 210 209 201 152  45  32  32  42 144 197 210 209 209 202
 197 209 209 209 115 118 196 143 140 184 123 107 208 208 208 201
 194 211 209 207 179 206 210 123 109 208 212 190 206 208 210 208
 192 209 209 208 209 209 209 190 176 210 209 209 209 209 210 209
 190 209 208 209 210 209 209 209 210 209 208 209 208 210 209 208
 193 209 208 209 208 208 209 209 208 211 209 208 209 208 208 208
 189 208 209 206 196 198 201 202 205 207 208 209 208 208 206 196

 108 128 129 135 137 131 125 127 131 129 130 131 129 127 127 109
 119 146 149 141 145 143 135 136 139 143 140 137 138 137 140 125
 117 143 149 141 143 143 138 106 112 144 125 136 142 139 138 127
 118 142 145 141 129 140 139  74  74 143 127 127 149 143 139 124
 118 144 146 144 102  53 122  82  88 118  49 110 151 145 144 125
 122 145 146 142 132  50  62  26  28  62  53 136 146 146 145 126
 121 145 148 140 134  97  22  20  19  23 102 136 140 139 142 126
 117 140 143  93  53  58  19  18  20  19  56  50  89 133 138 132
 116 140 141 114  72  70  19  19  19  18  58  62 105 131 134 130
 121 141 141 141 144 104  25  19  18  24 105 130 129 131 133 126
 112 138 139 138 133  47  74  34  35  75  52 129 131 130 135 122
 112 132 135 138  94  69 126  80  86 120  60  93 135 133 136 117
 110 131 134 141 131 140 137  75  76 130 133 128 137 135 134 115
 111 130 130 137 142 141 139 116 113 136 139 139 136 135 132 116
 114 131 133 133 139 139 137 137 139 139 138 138 134 134 132 116
 102 113 113 112 116 118 114 110 112 109 108 106 106 100  99  85
 192 204 201 208 207 208 208 206 205 204 203 205 207 208 207 192
 192 209 209 209 209 208 209 209 210 209 209 208 209 209 209 203
 192 209 209 209 208 209 209 178 185 209 209 209 209 209 208 205
 196 209 208 209 205 211 209 126 137 210 206 200 210 209 209 206
 199 209 210 209 165  98 200 158 167 194  88 175 209 209 208 203
 201 209 208 209 205  92 120  48  54 128 100 207 209 209 209 200
 201 209 208 209 209 162  31  26  27  33 175 210 210 209 209 198
 203 210 208 162 102 106  27  27  28  28 116  92 160 210 209 206
 203 209 209 179 124 119  28  27  27  28 121 109 182 209 208 207
 208 209 208 209 209 176  36  28  27  36 185 209 209 209 209 203
 190 209 208 209 203  96 137  57  62 136  97 206 208 210 209 199
 192 210 209 208 157 112 198 157 163 195 102 168 209 208 209 196
 192 209 210 209 204 208 209 121 134 209 209 204 209 209 208 203
 196 209 209 209 209 208 208 183 193 209 208 209 209 209 208 204
 198 210 209 209 209 208 209 209 209 209 209 209 209 209 210 200
 184 198 197 194 193 194 192 189 188 187 185 183 182 179 184 178
 201 209 209 210 208 207 204 205 203 202 201 208 209 208 208 196
 197 208 209 209 208 208 209 209 209 209 208 210 210 209 208 206
 198 209 209 208 209 209 209 187 194 209 208 208 209 210 208 208
 198 208 209 209 204 212 209 136 155 210 208 206 209 208 209 208
 200 208 208 209 176 123 206 175 185 197 107 190 209 209 208 209
 201 209 209 209 206 118 132  66  67 144 123 212 209 208 209 208
 202 208 209 210 210 170  40  33  32  42 184 208 210 209 211 207
 203 209 209 177 126 114  32  32  31  32 140 109 176 210 208 205
 204 208 210 188 138 127  34  33  33  32 143 123 190 209 209 202
 204 208 209 208 208 185  44  32  32  45 196 210 209 209 209 201
 202 209 210 209 204 118 149  72  77 152 118 206 209 209 208 198
 204 208 209 209 176 125 202 172 176 201 115 179 209 210 208 196
 205 209 209 208 209 210 210 132 144 209 209 207 208 209 209 206
 205 209 210 208 209 208 209 184 198 210 209 209 209 208 208 209
 209 209 209 209 209 210 209 209 209 208 209 211 209 209 209 208
 202 212 207 206 207 206 203 201 200 198 197 194 192 190 193 189

 109 125 127 124 125 126 126 132 130 126 122 117 115 116 116  85
 127 140 138 139 144 145 142 138 134 133 135 136 134 132 132  99
 127 137 139 143 145 146 139 133 131 131 130 133 135 135 134 100
 129 138 142 149 151 146 140  89 105 129 131 135 137 136 134 106
 131 137 136 127 110 136 136  50  62 130 129  93 128 139 138 106
 130 140 125 127  49  53 102  56  58 105  52  60 133 139 138 108
 129 143 144 143 118  62  23  19  18  24  75 120 130 136 139 109
 131 139 112  74  88  28  19  20  19  18  35  86  76 113 139 112
 127 136 106  74  82  26  20  18  19  19  34  80  75 116 137 110
 125 135 138 139 122  62  22  19  19  25  74 126 137 139 137 114
 131 143 143 140  53  50  97  58  70 104  47  69 140 141 139 118
 137 145 143 129 102 132 134  53  72 144 133  94 131 142 139 116
 135 141 141 141 144 142 140  93 114 141 138 138 141 137 133 112
 129 149 149 145 146 146 148 143 141 141 139 135 134 130 133 113
 128 146 143 142 144 145 145 140 140 141 138 132 131 130 131 113
 108 119 117 118 118 122 121 117 116 121 112 112 110 111 114 102
 192 203 205 206 203 200 198 206 207 203 199 196 203 204 200 178
 207 209 208 209 208 209 209 209 208 209 209 209 208 208 210 184
 208 209 209 209 209 209 209 210 209 209 210 208 209 209 209 179
 207 209 209 210 209 209 210 160 182 209 208 209 209 209 209 182
 205 208 209 200 175 207 210  92 109 209 206 168 204 209 209 183
 203 209 209 206  88 100 175 116 121 185  97 102 209 208 209 185
 204 209 209 210 194 128  33  28  28  36 136 195 209 209 209 187
 205 210 185 137 167  54  27  28  27  27  62 163 134 193 209 188
 206 209 178 126 158  48  26  27  27  28  57 157 121 183 209 189
 208 209 209 209 200 120  31  27  28  36 137 198 209 208 209 192
 208 208 209 211  98  92 162 106 119 176  96 112 208 208 208 194
 207 209 208 205 165 205 209 102 124 209 203 157 204 209 209 193
 208 209 209 209 209 209 209 162 179 209 209 208 209 209 209 194
 201 209 209 208 210 208 208 208 209 208 208 209 210 209 209 197
 204 209 209 209 209 209 209 210 209 209 209 210 209 209 210 198
 192 192 192 196 199 201 201 203 203 208 190 192 192 196 198 184
 196 206 208 208 209 208 207 205 202 201 198 196 206 209 208 189
 208 208 208 209 208 209 211 208 209 209 208 208 209 208 209 193
 208 209 210 208 209 208 209 210 209 209 209 210 209 208 209 190
 209 210 209 209 209 209 210 176 190 209 209 209 208 209 209 192
 208 210 208 206 190 212 208 109 123 210 206 179 207 209 211 194
 201 208 208 208 107 123 184 140 143 196 118 115 209 209 209 197
 202 209 209 210 197 144  42  32  32  45 152 201 209 210 208 198
 203 209 194 155 185  67  32  31  33  32  77 176 144 198 209 200
 205 209 187 136 175  66  33  32  33  32  72 172 132 184 209 201
 204 209 209 209 206 132  40  32  34  44 149 202 210 209 209 203
 207 208 209 212 123 118 170 114 127 185 118 125 210 208 210 206
 208 208 209 204 176 206 210 126 138 208 204 176 209 209 209 207
 210 209 208 209 209 209 210 177 188 208 209 209 208 208 209 206
 209 209 209 209 208 209 209 209 210 209 210 209 209 210 209 207
 209 208 209 208 208 209 208 209 208 208 209 208 209 209 209 212
 201 197 198 198 200 201 202 203 204 204 202 204 205 205 209 202

  85  99 100 106 106 108 109 112 110 114 118 116 112 113 113 102
 116 132 134 134 138 138 139 139 137 137 139 139 133 133 131 114
 116 132 135 136 139 139 136 113 116 139 141 142 137 130 130 111
 115 134 135 137 128 133 130  76  75 137 140 131 141 134 131 110
 117 136 133 135  93  60 120  86  80 126  69  94 138 135 132 112
 122 135 130 131 129  52  75  35  34  74  47 133 138 139 138 112
 126 133 131 129 130 105  24  18  19  25 104 144 141 141 141 121
 130 134 131 105  62  58  18  19  19  19  70  72 114 141 140 116
 132 138 133  89  50  56  19  20  18  19  58  53  93 143 140 117
 126 142 139 140 136 102  23  19  20  22  97 134 140 148 145 121
 126 145 146 146 136  53  62  28  26  62  50 132 142 146 145 122
 125 144 145 151 110  49 118  88  82 122  53 102 144 146 144 118
 124 139 143 149 127 127 143  74  74 139 140 129 141 145 142 118
 127 138 139 142 136 125 144 112 106 138 143 143 141 149 143 117
 125 140 137 138 137 140 143 139 136 135 143 145 141 149 146 119
 109 127 127 129 131 130 129 131 127 125 131 137 135 129 128 108
 178 184 179 182 183 185 187 188 189 192 194 193 194 197 198 184
 200 210 209 209 209 209 209 209 209 209 208 209 209 209 210 198
 204 208 209 209 209 208 209 193 183 208 208 209 209 209 209 196
 203 208 209 209 204 209 209 134 121 209 208 204 209 210 209 192
 196 209 208 209 168 102 195 163 157 198 112 157 208 209 210 192
 199 209 210 208 206  97 136  62  57 137  96 203 209 208 209 190
 203 209 209 209 209 185  36  27  28  36 176 209 209 208 209 208
 207 208 209 182 109 121  28  27  27  28 119 124 179 209 209 203
 206 209 210 160  92 116  28  28  27  27 106 102 162 208 210 203
 198 209 209 210 210 175  33  27  26  31 162 209 209 208 209 201
 200 209 209 209 207 100 128  54  48 120  92 205 209 208 209 201
 203 208 209 209 175  88 194 167 158 200  98 165 209 210 209 199
 206 209 209 210 200 206 210 137 126 209 211 205 209 208 209 196
 205 208 209 209 209 209 209 185 178 209 209 208 209 209 209 192
 203 209 209 209 208 209 209 210 209 209 208 209 209 209 209 192
 192 207 208 207 205 203 204 205 206 208 208 207 208 201 204 192
 189 193 190 192 194 197 198 200 201 203 206 207 206 207 212 202
 208 209 209 209 211 209 208 209 209 209 210 209 209 209 209 209
 209 208 208 209 209 209 210 198 184 209 208 209 208 210 209 205
 206 209 209 208 207 209 209 144 132 210 210 209 208 209 209 205
 196 208 210 209 179 115 201 176 172 202 125 176 209 209 208 204
 198 208 209 209 206 118 152  77  72 149 118 204 209 210 209 202
 201 209 209 209 210 196  45  32  32  44 185 208 208 209 208 204
 202 209 209 190 123 143  32  33  33  34 127 138 188 210 208 204
 205 208 210 176 109 140  32  31  32  32 114 126 177 209 209 203
 207 211 209 210 208 184  42  32  33  40 170 210 210 209 208 202
 208 209 208 209 212 123 144  67  66 132 118 206 209 209 209 201
 209 208 209 209 190 107 197 185 175 206 123 176 209 208 208 200
 208 209 208 209 206 208 210 155 136 209 212 204 209 209 208 198
 208 208 210 209 208 208 209 194 187 209 209 209 208 209 209 198
 206 208 209 210 210 208 209 209 209 209 208 208 209 209 208 197
 196 208 208 209 208 201 202 203 205 204 207 208 210 209 209 201

