 105 138 137 138 139 140 133 131 130 113 109  99  94 129 136 129
 105 145 146 147 146 144 130  88  47  37  31  54 109 136 144 140
  96 143 143 144 138  84  41  21  20  24  76 128 136 141 145 140
 107 139 141 129  66  24  18  17  20  69 134 140 142 143 146 142
 107 139 137  74  23  19  18  19  55 124 139 140 141 147 147 142
 102 137  91  28  18  18  18  21 110 135 136 141 142 144 146 138
  99 131  53  19  18  18  18  32 119 138 137 139 144 143 144 132
  94 130  45  19  18  18  18  41 123 134 137 135 138 140 142 133
  91 130  51  18  18  18  17  38 124 134 134 134 136 139 140 134
 109 133  86  15  18  17  16  34 114 132 134 133 135 136 139 132
 111 132 115  36  18  17  17  22  79 128 133 136 138 137 141 131
 113 135 135  97  35  17  19  18  30  99 130 136 138 137 141 132
 110 136 140 136 108  39  19  16  19  43 109 136 138 141 138 129
 109 133 139 138 135 119  83  50  28  21  35  89 134 137 132 125
 107 136 138 136 135 134 134 126  94  78  69  64  88 122 129 115
  85 109 105  98 103  99  96  98 109 100  85  92  93  92  97  99
 184 210 208 209 209 209 209 208 212 197 197 176 176 209 208 206
 181 209 208 208 210 209 205 156  87  62  48  91 193 209 209 207
 180 211 209 209 209 148  70  31  26  33 141 207 209 209 209 207
 197 210 210 205 113  32  25  25  27 125 207 210 210 209 209 207
 194 209 208 120  31  25  24  25 101 205 209 208 210 210 208 208
 190 209 150  35  25  24  24  35 187 210 208 209 209 209 209 207
 188 208  84  26  25  25  26  60 205 210 210 210 208 209 209 206
 186 208  60  24  24  24  24  71 208 209 209 209 208 208 209 208
 183 208  77  25  23  24  25  79 209 210 209 209 209 209 208 207
 194 209 137  25  24  24  23  61 206 212 211 209 208 209 208 206
 196 209 193  49  24  24  23  30 150 212 211 210 208 210 209 205
 195 209 208 153  41  24  24  25  53 190 210 210 209 208 209 206
 191 209 208 210 179  62  25  25  25  88 200 211 208 209 208 207
 189 210 209 210 210 194 133  72  31  27  68 169 210 210 209 204
 182 210 210 209 210 209 209 207 161 127 105  95 161 209 210 203
 170 190 185 178 194 187 179 183 192 185 175 189 188 185 187 187
 197 208 207 208 209 209 210 211 206 202 199 175 188 210 208 208
 191 209 209 209 209 211 204 169 107  81  69 119 196 211 210 206
 183 210 211 209 207 161  83  36  31  42 150 206 208 208 209 204
 198 209 210 203 130  39  29  27  30 140 207 208 208 209 209 205
 197 210 209 134  34  29  27  30 117 205 209 208 209 208 210 207
 195 209 151  42  27  28  28  46 189 210 208 208 210 209 209 208
 193 208  86  30  28  27  26  72 209 210 208 208 209 209 210 210
 194 209  67  28  27  26  26  86 211 209 209 209 210 210 208 209
 190 210  80  26  27  26  28  96 208 210 208 209 209 210 209 209
 203 209 141  25  26  27  27  80 204 210 209 209 208 209 208 206
 210 210 188  59  29  27  26  37 169 210 209 209 210 209 208 198
 209 210 208 155  54  28  27  28  75 198 212 210 209 209 208 202
 207 210 209 206 175  68  32  25  30 112 201 213 209 208 209 205
 200 209 209 208 209 193 138  73  38  31  91 184 211 210 209 205
 196 211 212 209 208 210 211 211 168 131 110 119 185 211 209 208
 187 198 193 181 190 192 194 199 202 193 179 196 193 193 200 199

 129 140 140 142 142 138 132 133 134 132 131 132 129 125 115  99
 136 144 145 146 147 146 144 142 140 139 141 141 138 132 129  97
 129 136 141 143 147 144 143 140 139 136 137 137 141 137 122  92
  94 109 136 142 141 142 144 138 136 135 138 138 138 134  88  93
  99  54 128 140 140 141 139 135 134 133 136 136 136  89  64  92
 109  31  76 134 139 136 137 137 134 134 133 130 109  35  69  85
 113  37  24  69 124 135 138 134 134 132 128  99  43  21  78 100
 130  47  20  20  55 110 119 123 124 114  79  30  19  28  94 109
 131  88  21  17  19  21  32  41  38  34  22  18  16  50 126  98
 133 130  41  18  18  18  18  18  17  16  17  19  19  83 134  96
 140 144  84  24  19  18  18  18  18  17  17  17  39 119 134  99
 139 146 138  66  23  18  18  18  18  18  18  35 108 135 135 103
 138 147 144 129  74  28  19  19  18  15  36  97 136 138 136  98
 137 146 143 141 137  91  53  45  51  86 115 135 140 139 138 105
 138 145 143 139 139 137 131 130 130 133 132 135 136 133 136 109
 105 105  96 107 107 102  99  94  91 109 111 113 110 109 107  85
 206 207 207 207 208 207 206 208 207 206 205 206 207 204 203 187
 208 209 209 209 208 209 209 209 208 208 209 209 208 209 210 187
 209 209 209 209 210 209 209 208 209 209 210 208 209 210 209 185
 176 193 209 210 210 209 208 208 209 208 208 209 208 210 161 188
 176  91 207 210 208 209 210 209 209 209 210 210 211 169  95 189
 197  48 141 207 209 208 210 209 209 211 211 210 200  68 105 175
 197  62  33 125 205 210 210 209 210 212 212 190  88  27 127 185
 212  87  26  27 101 187 205 208 209 206 150  53  25  31 161 192
 208 156  31  25  25  35  60  71  79  61  30  25  25  72 207 183
 209 205  70  25  24  24  26  24  25  23  23  24  25 133 209 179
 209 209 148  32  25  24  25  24  24  24  24  24  62 194 209 187
 209 210 209 113  31  25  25  24  23  24  24  41 179 210 210 194
 209 208 209 205 120  35  26  24  25  25  49 153 210 210 209 178
 208 208 209 210 208 150  84  60  77 137 193 208 208 209 210 185
 210 209 211 210 209 209 208 208 208 209 209 209 209 210 210 190
 184 181 180 197 194 190 188 186 183 194 196 195 191 189 182 170
 208 206 204 205 207 208 210 209 209 206 198 202 205 205 208 199
 208 210 209 209 210 209 210 208 209 208 208 208 209 209 209 200
 210 211 208 209 208 209 209 210 210 209 209 209 208 210 211 193
 188 196 208 208 209 210 209 210 209 208 210 209 209 211 185 193
 175 119 206 208 208 208 208 209 209 209 209 210 213 184 119 196
 199  69 150 207 209 208 208 209 208 209 209 212 201  91 110 179
 202  81  42 140 205 210 210 209 210 210 210 198 112  31 131 193
 206 107  31  30 117 189 209 211 208 204 169  75  30  38 168 202
 211 169  36  27  30  46  72  86  96  80  37  28  25  73 211 199
 210 204  83  29  27  28  26  26  28  27  26  27  32 138 211 194
 209 211 161  39  29  28  27  26  26  27  27  28  68 193 210 192
 209 209 207 130  34  27  28  27  27  26  29  54 175 209 208 190
 208 209 209 203 134  42  30  28  26  25  59 155 206 208 209 181
 207 209 211 210 209 151  86  67  80 141 188 208 209 209 212 193
 208 209 210 209 210 209 208 209 210 209 210 210 210 209 211 198
 197 191 183 198 197 195 193 194 190 203 210 209 207 200 196 187

  99  97  92  93  92  85 100 109  98  96  99 103  98 105 109  85
 115 129 122  88  64  69  78  94 126 134 134 135 136 138 136 107
 125 132 137 134  89  35  21  28  50  83 119 135 138 139 133 109
 129 138 141 138 136 109  43  19  16  19  39 108 136 140 136 110
 132 141 137 138 136 130  99  30  18  19  17  35  97 135 135 113
 131 141 137 138 136 133 128  79  22  17  17  18  36 115 132 111
 132 139 136 135 133 134 132 114  34  16  17  18  15  86 133 109
 134 140 139 136 134 134 134 124  38  17  18  18  18  51 130  91
 133 142 140 138 135 137 134 123  41  18  18  18  19  45 130  94
 132 144 143 144 139 137 138 119  32  18  18  18  19  53 131  99
 138 146 144 142 141 136 135 110  21  18  18  18  28  91 137 102
 142 147 147 141 140 139 124  55  19  18  19  23  74 137 139 107
 142 146 143 142 140 134  69  20  17  18  24  66 129 141 139 107
 140 145 141 136 128  76  24  20  21  41  84 138 144 143 143  96
 140 144 136 109  54  31  37  47  88 130 144 146 147 146 145 105
 129 136 129  94  99 109 113 130 131 133 140 139 138 137 138 105
 187 187 185 188 189 175 185 192 183 179 187 194 178 185 190 170
 203 210 209 161  95 105 127 161 207 209 209 210 209 210 210 182
 204 209 210 210 169  68  27  31  72 133 194 210 210 209 210 189
 207 208 209 208 211 200  88  25  25  25  62 179 210 208 209 191
 206 209 208 209 210 210 190  53  25  24  24  41 153 208 209 195
 205 209 210 208 210 211 212 150  30  23  24  24  49 193 209 196
 206 208 209 208 209 211 212 206  61  23  24  24  25 137 209 194
 207 208 209 209 209 209 210 209  79  25  24  23  25  77 208 183
 208 209 208 208 209 209 209 208  71  24  24  24  24  60 208 186
 206 209 209 208 210 210 210 205  60  26  25  25  26  84 208 188
 207 209 209 209 209 208 210 187  35  24  24  25  35 150 209 190
 208 208 210 210 208 209 205 101  25  24  25  31 120 208 209 194
 207 209 209 210 210 207 125  27  25  25  32 113 205 210 210 197
 207 209 209 209 207 141  33  26  31  70 148 209 209 209 211 180
 207 209 209 193  91  48  62  87 156 205 209 210 208 208 209 181
 206 208 209 176 176 197 197 212 208 209 209 209 209 208 210 184
 199 200 193 193 196 179 193 202 199 194 192 190 181 193 198 187
 208 209 211 185 119 110 131 168 211 211 210 208 209 212 211 196
 205 209 210 211 184  91  31  38  73 138 193 209 208 209 209 200
 205 209 208 209 213 201 112  30  25  32  68 175 206 209 210 207
 202 208 209 209 210 212 198  75  28  27  28  54 155 208 210 209
 198 208 209 210 209 209 210 169  37  26  27  29  59 188 210 210
 206 208 209 208 209 209 210 204  80  27  27  26  25 141 209 203
 209 209 210 209 209 208 210 208  96  28  26  27  26  80 210 190
 209 208 210 210 209 209 209 211  86  26  26  27  28  67 209 194
 210 210 209 209 208 208 210 209  72  26  27  28  30  86 208 193
 208 209 209 210 208 208 210 189  46  28  28  27  42 151 209 195
 207 210 208 209 208 209 205 117  30  27  29  34 134 209 210 197
 205 209 209 208 208 207 140  30  27  29  39 130 203 210 209 198
 204 209 208 208 206 150  42  31  36  83 161 207 209 211 210 183
 206 210 211 196 119  69  81 107 169 204 211 209 209 209 209 191
 208 208 210 188 175 199 202 206 211 210 209 209 208 207 208 197

  85 107 109 110 113 111 109  91  94  99 102 107 107  96 105 105
 109 136 133 136 135 132 133 130 130 131 137 139 139 143 145 138
 105 138 139 140 135 115  86  51  45  53  91 137 141 143 146 137
  98 136 138 136  97  36  15  18  19  19  28  74 129 144 147 138
 103 135 135 108  35  18  18  18  18  18  18  23  66 138 146 139
  99 134 119  39  17  17  17  18  18  18  18  19  24  84 144 140
  96 134  83  19  19  17  16  17  18  18  18  18  18  41 130 133
  98 126  50  16  18  22  34  38  41  32  21  19  17  21  88 131
 109  94  28  19  30  79 114 124 123 119 110  55  20  20  47 130
 100  78  21  43  99 128 132 134 134 138 135 124  69  24  37 113
  85  69  35 109 130 133 134 134 137 137 136 139 134  76  31 109
  92  64  89 136 136 136 133 134 135 139 141 140 140 128  54  99
  93  88 134 138 138 138 135 136 138 144 142 141 142 136 109  94
  92 122 137 141 137 137 136 139 140 143 144 147 143 141 136 129
  97 129 132 138 141 141 139 140 142 144 146 147 146 145 144 136
  99 115 125 129 132 131 132 134 133 132 138 142 142 140 140 129
 170 182 189 191 195 196 194 183 186 188 190 194 197 180 181 184
 190 210 210 209 209 209 209 208 208 208 209 209 210 211 209 210
 185 210 209 208 208 193 137  77  60  84 150 208 210 209 208 208
 178 209 210 210 153  49  25  25  24  26  35 120 205 209 208 209
 194 210 210 179  41  24  24  23  24  25  25  31 113 209 210 209
 187 209 194  62  24  24  24  24  24  25  24  25  32 148 209 209
 179 209 133  25  24  23  23  25  24  26  24  24  25  70 205 209
 183 207  72  25  25  30  61  79  71  60  35  25  25  31 156 208
 192 161  31  25  53 150 206 209 208 205 187 101  27  26  87 212
 185 127  27  88 190 212 212 210 209 210 210 205 125  33  62 197
 175 105  68 200 210 211 211 209 209 210 208 209 207 141  48 197
 189  95 169 211 210 210 209 209 209 210 209 208 210 207  91 176
 188 161 210 208 209 208 208 209 208 208 209 210 210 209 193 176
 185 209 210 209 208 210 209 209 208 209 209 210 209 209 209 209
 187 210 209 208 209 209 208 208 209 209 209 208 209 209 209 208
 187 203 204 207 206 205 206 207 208 206 207 208 207 207 207 206
 187 196 200 207 209 210 203 190 194 193 195 197 198 183 191 197
 198 211 209 210 210 210 209 210 209 208 209 210 209 210 209 208
 193 212 209 209 208 188 141  80  67  86 151 209 210 211 209 207
 181 209 208 206 155  59  25  26  28  30  42 134 203 209 209 208
 190 208 209 175  54  29  26  27  27  28  27  34 130 207 209 209
 192 210 193  68  28  27  27  26  26  27  28  29  39 161 211 209
 194 211 138  32  27  26  27  28  26  26  28  27  29  83 204 210
 199 211  73  25  28  37  80  96  86  72  46  30  27  36 169 211
 202 168  38  30  75 169 204 208 211 209 189 117  30  31 107 206
 193 131  31 112 198 210 210 210 209 210 210 205 140  42  81 202
 179 110  91 201 212 209 209 208 209 208 208 209 207 150  69 199
 196 119 184 213 210 209 209 209 209 208 208 208 208 206 119 175
 193 185 211 209 209 210 208 209 210 209 210 209 208 208 196 188
 193 211 210 208 209 209 209 210 210 209 209 208 209 208 211 210
 200 209 209 209 208 208 208 209 208 210 209 210 209 209 210 208
 199 208 205 205 202 198 206 209 209 210 208 207 205 204 206 208

