 179 189 193 190 190 187 184 179 178 168 168 162 160 158 143 140
 190 204 208 206 204 203 194 191 188 182 178 175 137 129 159 153
 192 208 208 209 208 206 197 195 193 186 145  72  18 103 162 153
 194 207 208 208 208 204 199 199 174  85  21  11  14 104 161 153
 193 208 209 207 208 205 186 117  35  15  36  94  24 103 163 156
 193 211 209 207 202 131  40  13  46 114 167 160  32  98 161 155
 199 210 201 145  57  14  47 123 174 123  57 148  28 101 166 155
 199 156  60  19  52 128 174 122  34  14  15 143  26 100 164 157
 198 114  31  35 147 201  99  16  12  11  18 145  29  99 165 158
 204 211 191 103  20  79 154 177  94  25  19 146  32  99 170 159
 205 208 209 209 152  47  16  62 143 168  86 150  35 106 169 162
 205 208 211 211 210 205 141  53  20  69 143 169  36 111 168 162
 203 212 212 212 207 211 212 203 142  43  20  53  27 115 170 168
 206 210 213 213 208 212 211 209 213 204 121  37  23 115 177 170
 210 212 211 212 208 211 211 212 211 208 203 187  93 120 178 167
 208 211 210 214 210 212 212 210 210 209 203 199 190 175 179 167
 238 246 245 245 246 244 243 238 238 232 227 218 219 221 201 193
 249 255 255 255 255 255 255 255 255 254 254 250 204 197 233 225
 249 255 255 255 255 255 255 255 255 254 215 127  51 157 235 228
 249 255 255 255 255 255 255 255 237 141  57  32  29 153 237 229
 248 255 255 255 255 255 243 175  74  36  63 131  41 148 237 231
 248 255 255 255 252 194  83  42  70 154 227 229  52 144 239 231
 251 255 250 202 106  48  77 170 234 189 116 223  51 143 242 230
 254 213 112  56  84 179 237 181  77  45  53 215  51 141 240 231
 254 164  57  63 203 255 160  49  30  31  49 210  52 140 241 232
 255 254 240 146  65 132 214 224 129  43  51 214  55 143 249 236
 255 255 255 255 199  84  57 110 196 213 134 223  60 153 247 236
 255 255 255 255 255 250 184  86  53 116 202 236  62 158 247 237
 255 255 255 255 255 255 255 251 184  68  55 100  53 166 249 237
 255 255 255 255 255 255 255 255 255 245 162  67  41 175 252 239
 255 255 255 255 255 255 255 255 255 255 255 238 134 186 254 241
 255 255 255 255 255 255 255 255 255 255 255 255 253 243 253 240
 235 244 242 243 246 241 242 237 237 231 225 217 216 216 199 189
 249 255 255 255 255 255 255 255 254 253 250 247 201 186 236 222
 248 255 255 255 255 255 255 255 255 253 213 121  51 133 237 223
 247 255 255 255 255 255 255 255 237 148  57  32  27 126 235 224
 248 255 255 255 255 255 242 171  84  36  65 129  40 118 236 227
 246 255 255 255 252 191  80  42  68 142 222 222  54 115 232 227
 250 255 251 205 113  53  78 168 228 187 114 217  58 114 234 229
 254 208 114  60  80 177 234 180  90  48  56 213  59 113 234 229
 254 158  57  50 191 254 152  48  38  30  52 220  64 120 233 231
 255 254 239 144  61 137 213 224 136  46  56 225  64 122 240 233
 255 255 255 254 194  81  57 105 196 206 132 232  66 133 240 236
 255 255 255 255 254 248 180  87  54 118 201 246  73 142 241 236
 254 255 255 255 255 255 255 252 185  66  52 105  60 162 242 241
 255 255 255 255 255 255 255 255 254 243 146  71  36 171 247 242
 255 255 255 255 255 255 255 255 255 255 254 241 134 182 248 241
 255 255 255 255 255 255 255 255 255 255 255 255 252 239 248 240

 140 153 153 153 156 155 155 157 158 159 162 162 168 170 167 167
 143 159 162 161 163 161 166 164 165 170 169 168 170 177 178 179
 158 129 103 104 103  98 101 100  99  99 106 111 115 115 120 175
 160 137  18  14  24  32  28  26  29  32  35  36  27  23  93 190
 162 175  72  11  94 160 148 143 145 146 150 169  53  37 187 199
 168 178 145  21  36 167  57  15  18  19  86 143  20 121 203 203
 168 182 186  85  15 114 123  14  11  25 168  69  43 204 208 209
 178 188 193 174  35  46 174  34  12  94 143  20 142 213 211 210
 179 191 195 199 117  13 123 122  16 177  62  53 203 209 212 210
 184 194 197 199 186  40  47 174  99 154  16 141 212 211 211 212
 187 203 206 204 205 131  14 128 201  79  47 205 211 212 211 212
 190 204 208 208 208 202  57  52 147  20 152 210 207 208 208 210
 190 206 209 208 207 207 145  19  35 103 209 211 212 213 212 214
 193 208 208 208 209 209 201  60  31 191 209 211 212 213 211 210
 189 204 208 207 208 211 210 156 114 211 208 208 212 210 212 211
 179 190 192 194 193 193 199 199 198 204 205 205 203 206 210 208
 193 225 228 229 231 231 230 231 232 236 236 237 237 239 241 240
 201 233 235 237 237 239 242 240 241 249 247 247 249 252 254 253
 221 197 157 153 148 144 143 141 140 143 153 158 166 175 186 243
 219 204  51  29  41  52  51  51  52  55  60  62  53  41 134 253
 218 250 127  32 131 229 223 215 210 214 223 236 100  67 238 255
 227 254 215  57  63 227 116  53  49  51 134 202  55 162 255 255
 232 254 254 141  36 154 189  45  31  43 213 116  68 245 255 255
 238 255 255 237  74  70 234  77  30 129 196  53 184 255 255 255
 238 255 255 255 175  42 170 181  49 224 110  86 251 255 255 255
 243 255 255 255 243  83  77 237 160 214  57 184 255 255 255 255
 244 255 255 255 255 194  48 179 255 132  84 250 255 255 255 255
 246 255 255 255 255 252 106  84 203  65 199 255 255 255 255 255
 245 255 255 255 255 255 202  56  63 146 255 255 255 255 255 255
 245 255 255 255 255 255 250 112  57 240 255 255 255 255 255 255
 246 255 255 255 255 255 255 213 164 254 255 255 255 255 255 255
 238 249 249 249 248 248 251 254 254 255 255 255 255 255 255 255
 189 222 223 224 227 227 229 229 231 233 236 236 241 242 241 240
 199 236 237 235 236 232 234 234 233 240 240 241 242 247 248 248
 216 186 133 126 118 115 114 113 120 122 133 142 162 171 182 239
 216 201  51  27  40  54  58  59  64  64  66  73  60  36 134 252
 217 247 121  32 129 222 217 213 220 225 232 246 105  71 241 255
 225 250 213  57  65 222 114  56  52  56 132 201  52 146 254 255
 231 253 253 148  36 142 187  48  30  46 206 118  66 243 255 255
 237 254 255 237  84  68 228  90  38 136 196  54 185 254 255 255
 237 255 255 255 171  42 168 180  48 224 105  87 252 255 255 255
 242 255 255 255 242  80  78 234 152 213  57 180 255 255 255 255
 241 255 255 255 255 191  53 177 254 137  81 248 255 255 255 255
 246 255 255 255 255 252 113  80 191  61 194 254 255 255 255 255
 243 255 255 255 255 255 205  60  50 144 254 255 255 255 255 255
 242 255 255 255 255 255 251 114  57 239 255 255 255 255 255 255
 244 255 255 255 255 255 255 208 158 254 255 255 255 255 255 255
 235 249 248 247 248 246 250 254 254 255 255 255 254 255 255 255

 167 179 175 190 199 203 209 210 210 212 212 210 214 210 211 208
 167 178 120  93 187 203 208 211 212 211 211 208 212 211 212 210
 170 177 115  23  37 121 204 213 209 211 212 208 213 213 210 206
 168 170 115  27  53  20  43 142 203 212 211 207 212 212 212 203
 162 168 111  36 169 143  69  20  53 141 205 210 211 211 208 205
 162 169 106  35 150  86 168 143  62  16  47 152 209 209 208 205
 159 170  99  32 146  19  25  94 177 154  79  20 103 191 211 204
 158 165  99  29 145  18  11  12  16  99 201 147  35  31 114 198
 157 164 100  26 143  15  14  34 122 174 128  52  19  60 156 199
 155 166 101  28 148  57 123 174 123  47  14  57 145 201 210 199
 155 161  98  32 160 167 114  46  13  40 131 202 207 209 211 193
 156 163 103  24  94  36  15  35 117 186 205 208 207 209 208 193
 153 161 104  14  11  21  85 174 199 199 204 208 208 208 207 194
 153 162 103  18  72 145 186 193 195 197 206 208 209 208 208 192
 153 159 129 137 175 178 182 188 191 194 203 204 206 208 204 190
 140 143 158 160 162 168 168 178 179 184 187 190 190 193 189 179
 240 253 243 253 255 255 255 255 255 255 255 255 255 255 255 255
 241 254 186 134 238 255 255 255 255 255 255 255 255 255 255 255
 239 252 175  41  67 162 245 255 255 255 255 255 255 255 255 255
 237 249 166  53 100  55  68 184 251 255 255 255 255 255 255 255
 237 247 158  62 236 202 116  53  86 184 250 255 255 255 255 255
 236 247 153  60 223 134 213 196 110  57  84 199 255 255 255 255
 236 249 143  55 214  51  43 129 224 214 132  65 146 240 254 255
 232 241 140  52 210  49  31  30  49 160 255 203  63  57 164 254
 231 240 141  51 215  53  45  77 181 237 179  84  56 112 213 254
 230 242 143  51 223 116 189 234 170  77  48 106 202 250 255 251
 231 239 144  52 229 227 154  70  42  83 194 252 255 255 255 248
 231 237 148  41 131  63  36  74 175 243 255 255 255 255 255 248
 229 237 153  29  32  57 141 237 255 255 255 255 255 255 255 249
 228 235 157  51 127 215 254 255 255 255 255 255 255 255 255 249
 225 233 197 204 250 254 254 255 255 255 255 255 255 255 255 249
 193 201 221 219 218 227 232 238 238 243 244 246 245 245 246 238
 240 248 239 252 255 255 255 255 255 255 255 255 255 255 255 255
 241 248 182 134 241 254 255 255 255 255 255 255 255 255 255 255
 242 247 171  36  71 146 243 254 255 255 255 255 255 255 255 255
 241 242 162  60 105  52  66 185 252 255 255 255 255 255 255 254
 236 241 142  73 246 201 118  54  87 180 248 254 255 255 255 255
 236 240 133  66 232 132 206 196 105  57  81 194 254 255 255 255
 233 240 122  64 225  56  46 136 224 213 137  61 144 239 254 255
 231 233 120  64 220  52  30  38  48 152 254 191  50  57 158 254
 229 234 113  59 213  56  48  90 180 234 177  80  60 114 208 254
 229 234 114  58 217 114 187 228 168  78  53 113 205 251 255 250
 227 232 115  54 222 222 142  68  42  80 191 252 255 255 255 246
 227 236 118  40 129  65  36  84 171 242 255 255 255 255 255 248
 224 235 126  27  32  57 148 237 255 255 255 255 255 255 255 247
 223 237 133  51 121 213 253 255 255 255 255 255 255 255 255 248
 222 236 186 201 247 250 253 254 255 255 255 255 255 255 255 249
 189 199 216 216 217 225 231 237 237 242 241 246 243 242 244 235

 208 210 206 203 205 205 204 198 199 199 193 193 194 192 190 179
 211 212 210 212 208 208 211 114 156 210 211 208 207 208 204 189
 210 211 213 212 211 209 191  31  60 201 209 209 208 208 208 193
 214 212 213 212 211 209 103  35  19 145 207 207 208 209 206 190
 210 208 208 207 210 152  20 147  52  57 202 208 208 208 204 190
 212 211 212 211 205  47  79 201 128  14 131 205 204 206 203 187
 212 211 211 212 141  16 154  99 174  47  40 186 199 197 194 184
 210 212 209 203  53  62 177  16 122 123  13 117 199 195 191 179
 210 211 213 142  20 143  94  12  34 174  46  35 174 193 188 178
 209 208 204  43  69 168  25  11  14 123 114  15  85 186 182 168
 203 203 121  20 143  86  19  18  15  57 167  36  21 145 178 168
 199 187  37  53 169 150 146 145 143 148 160  94  11  72 175 162
 190  93  23  27  36  35  32  29  26  28  32  24  14  18 137 160
 175 120 115 115 111 106  99  99 100 101  98 103 104 103 129 158
 179 178 177 170 168 169 170 165 164 166 161 163 161 162 159 143
 167 167 170 168 162 162 159 158 157 155 155 156 153 153 153 140
 255 255 255 255 255 255 255 254 254 251 248 248 249 249 249 238
 255 255 255 255 255 255 254 164 213 255 255 255 255 255 255 246
 255 255 255 255 255 255 240  57 112 250 255 255 255 255 255 245
 255 255 255 255 255 255 146  63  56 202 255 255 255 255 255 245
 255 255 255 255 255 199  65 203  84 106 252 255 255 255 255 246
 255 255 255 255 250  84 132 255 179  48 194 255 255 255 255 244
 255 255 255 255 184  57 214 160 237  77  83 243 255 255 255 243
 255 255 255 251  86 110 224  49 181 170  42 175 255 255 255 238
 255 255 255 184  53 196 129  30  77 234  70  74 237 255 255 238
 255 255 245  68 116 213  43  31  45 189 154  36 141 254 254 232
 255 255 162  55 202 134  51  49  53 116 227  63  57 215 254 227
 255 238  67 100 236 223 214 210 215 223 229 131  32 127 250 218
 253 134  41  53  62  60  55  52  51  51  52  41  29  51 204 219
 243 186 175 166 158 153 143 140 141 143 144 148 153 157 197 221
 253 254 252 249 247 247 249 241 240 242 239 237 237 235 233 201
 240 241 239 237 237 236 236 232 231 230 231 231 229 228 225 193
 255 255 255 254 255 255 255 254 254 250 246 248 247 248 249 235
 255 255 255 255 255 255 254 158 208 255 255 255 255 255 255 244
 255 255 255 255 255 255 239  57 114 251 255 255 255 255 255 242
 255 255 255 255 255 254 144  50  60 205 255 255 255 255 255 243
 255 255 255 255 254 194  61 191  80 113 252 255 255 255 255 246
 255 255 255 255 248  81 137 254 177  53 191 255 255 255 255 241
 255 255 255 255 180  57 213 152 234  78  80 242 255 255 255 242
 255 255 255 252  87 105 224  48 180 168  42 171 255 255 255 237
 255 255 254 185  54 196 136  38  90 228  68  84 237 255 254 237
 255 255 243  66 118 206  46  30  48 187 142  36 148 253 253 231
 255 254 146  52 201 132  56  52  56 114 222  65  57 213 250 225
 255 241  71 105 246 232 225 220 213 217 222 129  32 121 247 217
 252 134  36  60  73  66  64  64  59  58  54  40  27  51 201 216
 239 182 171 162 142 133 122 120 113 114 115 118 126 133 186 216
 248 248 247 242 241 240 240 233 234 234 232 236 235 237 236 199
 240 241 242 241 236 236 233 231 229 229 227 227 224 223 222 189

