  88 114 112 112 112 113 110 115 113 106 110 107 101  98  97  95
 115 151 151 148 148 147 148 152 148 148 145 144 142 137 135 130
 115 150 147 142 105  57  70 129 150 150 145 146 144 141 140 131
 120 150 144  94  23  19  19  32 109 152 147 147 145 143 140 126
 126 150 143  46  20  19  19  18  23  84 143 149 146 144 141 128
 127 151 143  33  19  20  19  19  20  20  61 137 145 145 141 129
 125 151 147  48  20  20  19  18  18  19  19  45 120 142 140 131
 124 155 153  95  20  18  19  19  18  19  19  20  27  97 140 131
 123 154 149 121  27  19  18  19  18  18  19  19  19  56 139 132
 125 151 147  64  19  19  19  19  19  19  19  22  73 136 145 131
 133 155 144  40  19  19  18  20  19  18  31  97 147 149 151 134
 132 157 146  40  18  19  18  18  18  44 122 153 152 149 150 132
 127 154 150  73  19  19  19  20  65 136 155 152 147 149 149 139
 128 153 151 136  61  20  26  89 146 150 150 150 149 149 149 142
 121 149 151 152 151 136 139 150 151 149 147 148 148 150 149 141
 107 136 145 147 142 139 142 144 135 136 141 144 143 144 143 132
 158 180 180 180 179 181 180 182 183 178 181 176 166 166 166 165
 187 209 209 208 210 210 211 210 209 209 208 208 209 209 209 209
 187 209 209 210 168  95 114 191 208 209 209 210 209 208 208 209
 199 208 209 156  35  28  29  52 166 211 209 209 210 208 209 208
 196 209 209  80  29  27  27  28  37 140 210 209 209 208 208 207
 195 208 209  57  29  28  28  29  28  29 103 202 209 208 210 206
 194 208 209  82  30  28  27  27  28  29  29  76 185 210 209 208
 192 209 209 154  33  28  28  28  27  28  28  28  50 162 211 209
 190 208 208 187  46  28  27  28  27  28  28  29  29  95 208 209
 192 209 209 106  28  29  27  27  27  27  29  33 124 207 209 206
 203 208 208  69  28  29  27  27  28  27  51 158 209 208 209 209
 204 209 208  71  28  28  27  28  28  75 181 208 208 209 210 205
 198 208 209 120  28  27  27  29 104 196 208 209 208 209 208 209
 199 209 209 201  98  33  46 138 207 209 209 209 208 209 209 208
 196 209 209 209 208 203 204 210 209 208 208 209 209 208 209 208
 187 207 208 209 208 209 209 209 209 208 209 208 210 208 209 207
 179 193 193 194 193 193 193 196 196 191 193 189 177 179 179 178
 197 209 209 210 209 209 210 209 210 209 209 209 208 210 210 208
 197 209 208 209 178 107 127 198 209 209 209 208 210 208 209 209
 201 210 209 164  43  35  32  69 175 209 208 209 209 209 209 208
 199 209 209  89  34  33  33  33  47 151 211 209 209 209 208 207
 200 210 208  72  35  34  33  33  34  37 123 205 210 209 209 205
 196 209 209  91  35  33  32  33  33  34  35  93 194 209 209 208
 196 209 209 163  40  33  32  33  31  32  32  34  63 172 211 208
 196 210 209 187  53  32  32  32  31  33  32  34  36 111 208 208
 198 209 209 116  33  33  31  31  32  33  33  40 135 206 208 209
 211 208 209  79  32  32  31  31  33  32  59 166 209 209 209 209
 209 209 209  81  32  33  31  32  34  84 184 209 209 209 208 209
 208 209 208 133  34  33  33  35 115 202 209 209 208 208 209 209
 208 209 209 200 106  47  56 144 206 208 209 209 208 209 208 208
 208 209 210 208 209 200 205 209 210 209 208 208 209 210 210 209
 204 209 211 209 209 206 208 211 209 209 209 209 209 209 209 207

  95 130 131 126 128 129 131 131 132 131 134 132 139 142 141 132
  97 135 140 140 141 141 140 140 139 145 151 150 149 149 149 143
  98 137 141 143 144 145 142  97  56 136 149 149 149 149 150 144
 101 142 144 145 146 145 120  27  19  73 147 152 147 149 148 143
 107 144 146 147 149 137  45  20  19  22  97 153 152 150 148 144
 110 145 145 147 143  61  19  19  19  19  31 122 155 150 147 141
 106 148 150 152  84  20  19  19  18  19  18  44 136 150 149 136
 113 148 150 109  23  20  18  18  18  19  19  18  65 146 151 135
 115 152 129  32  18  19  18  19  19  19  20  18  20  89 150 144
 110 148  70  19  19  19  19  19  18  19  18  18  19  26 139 142
 113 147  57  19  19  20  20  18  19  19  19  19  19  20 136 139
 112 148 105  23  20  19  20  20  27  19  19  18  19  61 151 142
 112 148 142  94  46  33  48  95 121  64  40  40  73 136 152 147
 112 151 147 144 143 143 147 153 149 147 144 146 150 151 151 145
 114 151 150 150 150 151 151 155 154 151 155 157 154 153 149 136
  88 115 115 120 126 127 125 124 123 125 133 132 127 128 121 107
 165 209 209 208 207 206 208 209 209 206 209 205 209 208 208 207
 166 209 208 209 208 210 209 211 208 209 209 210 208 209 209 209
 166 209 208 208 208 208 210 162  95 207 208 209 209 209 208 208
 166 209 209 210 209 209 185  50  29 124 209 208 208 208 209 210
 176 208 210 209 209 202  76  28  29  33 158 208 209 209 209 208
 181 208 209 209 210 103  29  28  28  29  51 181 208 209 208 209
 178 209 209 211 140  29  29  28  28  27  27  75 196 209 208 208
 183 209 208 166  37  28  28  27  27  27  28  28 104 207 209 209
 182 210 191  52  28  29  27  28  28  27  27  28  29 138 210 209
 180 211 114  29  27  28  27  28  27  27  27  27  27  46 204 209
 181 210  95  28  27  28  28  28  28  29  29  28  27  33 203 209
 179 210 168  35  29  29  30  33  46  28  28  28  28  98 208 208
 180 208 210 156  80  57  82 154 187 106  69  71 120 201 209 209
 180 209 209 209 209 209 209 209 208 209 208 208 209 209 209 208
 180 209 209 208 209 208 208 209 208 209 208 209 208 209 209 207
 158 187 187 199 196 195 194 192 190 192 203 204 198 199 196 187
 178 208 209 208 207 205 208 208 208 209 209 209 209 208 209 207
 179 210 209 209 208 209 209 211 208 208 209 208 209 208 210 209
 179 210 208 209 209 209 209 172 111 206 209 209 208 209 210 209
 177 208 210 209 209 210 194  63  36 135 209 209 208 208 209 209
 189 209 208 209 209 205  93  34  34  40 166 209 209 209 208 209
 193 209 209 208 211 123  35  32  32  33  59 184 209 209 208 209
 191 209 209 209 151  37  34  32  33  33  32  84 202 208 209 209
 196 210 209 175  47  34  33  31  31  32  33  34 115 206 210 209
 196 209 198  69  33  33  33  33  32  31  31  32  35 144 209 211
 193 210 127  32  33  33  32  32  32  31  31  31  33  56 205 208
 193 209 107  35  33  34  33  33  32  33  32  33  33  47 200 206
 193 209 178  43  34  35  35  40  53  33  32  32  34 106 209 209
 194 210 209 164  89  72  91 163 187 116  79  81 133 200 208 209
 193 209 208 209 209 208 209 209 209 209 209 209 208 209 210 211
 193 209 209 210 209 210 209 209 210 209 208 209 209 209 209 209
 179 197 197 201 199 200 196 196 196 198 211 209 208 208 208 204

 132 143 144 143 144 141 136 135 144 142 139 142 147 145 136 107
 141 149 150 148 148 147 149 151 150 139 136 151 152 151 149 121
 142 149 149 149 150 150 150 146  89  26  20  61 136 151 153 128
 139 149 149 147 152 155 136  65  20  19  19  19  73 150 154 127
 132 150 149 152 153 122  44  18  18  18  19  18  40 146 157 132
 134 151 149 147  97  31  18  19  20  18  19  19  40 144 155 133
 131 145 136  73  22  19  19  19  19  19  19  19  64 147 151 125
 132 139  56  19  19  19  18  18  19  18  19  27 121 149 154 123
 131 140  97  27  20  19  19  18  19  19  18  20  95 153 155 124
 131 140 142 120  45  19  19  18  18  19  20  20  48 147 151 125
 129 141 145 145 137  61  20  20  19  19  20  19  33 143 151 127
 128 141 144 146 149 143  84  23  18  19  19  20  46 143 150 126
 126 140 143 145 147 147 152 109  32  19  19  23  94 144 150 120
 131 140 141 144 146 145 150 150 129  70  57 105 142 147 150 115
 130 135 137 142 144 145 148 148 152 148 147 148 148 151 151 115
  95  97  98 101 107 110 106 113 115 110 113 112 112 112 114  88
 207 209 208 210 208 209 208 209 209 209 209 208 209 208 207 187
 208 209 208 209 209 208 208 209 210 204 203 208 209 209 209 196
 208 209 209 208 209 209 209 207 138  46  33  98 201 209 209 199
 209 208 209 208 209 208 196 104  29  27  27  28 120 209 208 198
 205 210 209 208 208 181  75  28  28  27  28  28  71 208 209 204
 209 209 208 209 158  51  27  28  27  27  29  28  69 208 208 203
 206 209 207 124  33  29  27  27  27  27  29  28 106 209 209 192
 209 208  95  29  29  28  28  27  28  27  28  46 187 208 208 190
 209 211 162  50  28  28  28  27  28  28  28  33 154 209 209 192
 208 209 210 185  76  29  29  28  27  27  28  30  82 209 208 194
 206 210 208 209 202 103  29  28  29  28  28  29  57 209 208 195
 207 208 208 209 209 210 140  37  28  27  27  29  80 209 209 196
 208 209 208 210 209 209 211 166  52  29  28  35 156 209 208 199
 209 208 208 209 210 209 209 208 191 114  95 168 210 209 209 187
 209 209 209 209 208 208 209 209 210 211 210 210 208 209 209 187
 165 166 166 166 176 181 178 183 182 180 181 179 180 180 180 158
 207 209 209 209 209 209 209 209 211 208 206 209 209 211 209 204
 209 210 210 209 208 208 209 210 209 205 200 209 208 210 209 208
 208 208 209 208 209 209 208 206 144  56  47 106 200 209 209 208
 209 209 208 208 209 209 202 115  35  33  33  34 133 208 209 208
 209 208 209 209 209 184  84  34  32  31  33  32  81 209 209 209
 209 209 209 209 166  59  32  33  31  31  32  32  79 209 208 211
 209 208 206 135  40  33  33  32  31  31  33  33 116 209 209 198
 208 208 111  36  34  32  33  31  32  32  32  53 187 209 210 196
 208 211 172  63  34  32  32  31  33  32  33  40 163 209 209 196
 208 209 209 194  93  35  34  33  33  32  33  35  91 209 209 196
 205 209 209 210 205 123  37  34  33  33  34  35  72 208 210 200
 207 208 209 209 209 211 151  47  33  33  33  34  89 209 209 199
 208 209 209 209 209 208 209 175  69  32  35  43 164 209 210 201
 209 209 208 210 208 209 209 209 198 127 107 178 209 208 209 197
 208 210 210 208 209 209 209 210 209 210 209 209 210 209 209 197
 178 179 179 177 189 193 191 196 196 193 193 193 194 193 193 179

 107 121 128 127 132 133 125 123 124 125 127 126 120 115 115  88
 136 149 153 154 157 155 151 154 155 151 151 150 150 150 151 114
 145 151 151 150 146 144 147 149 153 147 143 143 144 147 151 112
 147 152 136  73  40  40  64 121  95  48  33  46  94 142 148 112
 142 151  61  19  18  19  19  27  20  20  19  20  23 105 148 112
 139 136  20  19  19  19  19  19  18  20  20  19  19  57 147 113
 142 139  26  19  18  18  19  18  19  19  19  19  19  70 148 110
 144 150  89  20  18  20  19  19  19  18  19  18  32 129 152 115
 135 151 146  65  18  19  19  18  18  18  20  23 109 150 148 113
 136 149 150 136  44  18  19  18  19  19  20  84 152 150 148 106
 141 147 150 155 122  31  19  19  19  19  61 143 147 145 145 110
 144 148 150 152 153  97  22  19  20  45 137 149 147 146 144 107
 143 148 149 147 152 147  73  19  27 120 145 146 145 144 142 101
 144 150 149 149 149 149 136  56  97 142 145 144 143 141 137  98
 143 149 149 149 150 151 145 139 140 140 141 141 140 140 135  97
 132 141 142 139 132 134 131 132 131 131 129 128 126 131 130  95
 187 196 199 198 204 203 192 190 192 194 195 196 199 187 187 158
 207 209 209 208 209 208 209 208 209 208 208 209 208 209 209 180
 208 209 209 209 208 208 209 208 209 209 209 209 209 209 209 180
 209 209 201 120  71  69 106 187 154  82  57  80 156 210 208 180
 208 208  98  28  28  28  28  46  33  30  29  29  35 168 210 179
 209 203  33  27  28  29  29  28  28  28  28  27  28  95 210 181
 209 204  46  27  27  27  27  27  28  27  28  27  29 114 211 180
 209 210 138  29  28  27  27  28  28  27  29  28  52 191 210 182
 209 209 207 104  28  28  27  27  27  28  28  37 166 208 209 183
 208 208 209 196  75  27  27  28  28  29  29 140 211 209 209 178
 209 208 209 208 181  51  29  28  28  29 103 210 209 209 208 181
 208 209 209 209 208 158  33  29  28  76 202 209 209 210 208 176
 210 209 208 208 208 209 124  29  50 185 209 209 210 209 209 166
 208 208 209 209 209 208 207  95 162 210 208 208 208 208 209 166
 209 209 209 208 210 209 209 208 211 209 210 208 209 208 209 166
 207 208 208 209 205 209 206 209 209 208 206 207 208 209 209 165
 204 208 208 208 209 211 198 196 196 196 200 199 201 197 197 179
 209 209 209 209 209 208 209 210 209 209 210 209 210 209 209 193
 211 210 209 208 209 209 209 209 209 209 208 209 209 208 209 193
 209 208 200 133  81  79 116 187 163  91  72  89 164 209 210 194
 209 209 106  34  32  32  33  53  40  35  35  34  43 178 209 193
 206 200  47  33  33  32  33  32  33  33  34  33  35 107 209 193
 208 205  56  33  31  31  31  32  32  32  33  33  32 127 210 193
 211 209 144  35  32  31  31  32  33  33  33  33  69 198 209 196
 209 210 206 115  34  33  32  31  31  33  34  47 175 209 210 196
 209 209 208 202  84  32  33  33  32  34  37 151 209 209 209 191
 209 208 209 209 184  59  33  32  32  35 123 211 208 209 209 193
 209 208 209 209 209 166  40  34  34  93 205 209 209 208 209 189
 209 209 208 208 209 209 135  36  63 194 210 209 209 210 208 177
 209 210 209 208 209 209 206 111 172 209 209 209 209 208 210 179
 209 210 208 209 208 209 208 208 211 209 209 208 209 209 210 179
 207 209 208 209 209 209 209 208 208 208 205 207 208 209 208 178

