 218 218 222 218 218 214 195 170 177 202 215 215 216 210 209 207
 227 225 224 224 182  78  28  20  25  49 111 194 220 218 217 218
 224 224 218 131  23  18  21  30  34  21  15  50 183 216 214 214
 225 224 133  20  17  85 180 207 204 164  76  20  45 190 211 216
 221 198  31  25 130 215 219 198 198 214 209  97  17  92 214 216
 221 111  18  81 218 184  69  28  30  64 185 210  49  20 192 213
 217  40  22 178 200  46  39  89  69  24  58 201 129  11 134 213
 206  19  30 214 131  32 184 217 212 100  16 158 189   8  95 210
 185  22  53 217  84  65 216 214 214 156   8 117 209   9  77 208
 187  23  54 216  96  36 189 210 211  99  12 139 199   8  92 207
 205  38  30 187 169  24  48 101  81  23  31 190 139  10 129 203
 212  78  18 129 209 127  28  16  16  35 152 204  55  12 174 195
 215 152  18  36 172 204 169 124 120 178 205 132  14  79 210 197
 215 205  84  16  45 148 196 202 197 185 114  19  26 171 201 186
 211 211 178  68  15  21  54  81  83  41  18  31 153 190 190 178
 200 201 200 177 104  37  14  11  14  20  68 156 187 184 184 170
 255 255 255 255 255 255 241 218 226 249 255 255 255 255 255 253
 255 255 255 255 211  99  45  37  42  70 156 241 255 255 255 255
 255 255 255 170  42  38  47  63  63  42  37  88 228 255 255 255
 255 255 161  41  50 140 229 254 251 210 111  39  85 238 255 255
 255 232  53  56 176 255 254 239 243 255 250 132  39 140 255 255
 255 141  43 129 255 230 101  53  58 114 233 250  74  53 239 254
 252  66  58 224 236  68  72 132 101  43 101 245 166  38 183 254
 243  38  78 254 165  68 227 255 253 132  43 204 226  30 137 253
 221  41 107 255 119 114 255 255 255 196  34 169 247  30 119 253
 229  41  96 255 133  74 239 255 254 131  39 187 239  27 137 254
 243  60  70 234 214  44  87 150 116  40  65 237 180  35 175 251
 252 108  48 182 254 165  49  33  34  63 199 253  84  47 224 249
 255 194  40  77 227 254 227 176 181 238 255 176  32 121 255 250
 255 249 118  38  84 208 253 255 255 247 154  35  59 227 255 244
 255 255 232 101  35  44  91 129 120  67  34  62 215 255 255 240
 255 255 255 235 136  53  31  28  29  42 113 220 254 253 254 232
 255 255 255 255 255 255 238 213 218 242 255 255 254 253 253 250
 255 255 255 255 202  91  42  35  40  65 154 243 255 255 255 255
 255 255 255 173  46  38  51  71  74  45  39  92 224 255 255 255
 255 255 156  36  49 143 232 254 251 215 101  33  83 238 255 255
 255 232  53  54 170 254 251 230 234 253 249 133  36 137 255 255
 255 137  41 128 255 232 103  49  59 124 232 247  72  55 237 253
 251  64  63 223 234  69  72 144 105  41  96 245 164  34 181 254
 241  36  74 253 164  64 219 255 249 128  43 204 227  32 138 252
 215  37 103 255 113 111 255 255 255 194  29 167 246  28 120 253
 223  42 100 255 129  81 238 255 254 130  35 181 240  27 132 253
 237  59  76 235 208  48  92 152 123  45  74 237 183  37 173 250
 250 103  46 181 253 152  40  33  34  61 191 251  85  47 222 249
 255 186  37  76 225 254 227 177 183 238 255 182  35 114 255 250
 255 243 110  37  94 200 249 255 254 247 156  32  54 226 255 243
 255 255 223  89  33  48 100 141 130  67  29  55 212 254 253 236
 254 255 255 233 122  50  33  28  28  45 104 209 251 250 251 227

 207 218 214 216 216 213 213 210 208 207 203 195 197 186 178 170
 209 217 214 211 214 192 134  95  77  92 129 174 210 201 190 184
 210 218 216 190  92  20  11   8   9   8  10  12  79 171 190 184
 216 220 183  45  17  49 129 189 209 199 139  55  14  26 153 187
 215 194  50  20  97 210 201 158 117 139 190 204 132  19  31 156
 215 111  15  76 209 185  58  16   8  12  31 152 205 114  18  68
 202  49  21 164 214  64  24 100 156  99  23  35 178 185  41  20
 177  25  34 204 198  30  69 212 214 211  81  16 120 197  83  14
 170  20  30 207 198  28  89 217 214 210 101  16 124 202  81  11
 195  28  21 180 219  69  39 184 216 189  48  28 169 196  54  14
 214  78  18  85 215 184  46  32  65  36  24 127 204 148  21  37
 218 182  23  17 130 218 200 131  84  96 169 209 172  45  15 104
 218 224 131  20  25  81 178 214 217 216 187 129  36  16  68 177
 222 224 218 133  31  18  22  30  53  54  30  18  18  84 178 200
 218 225 224 224 198 111  40  19  22  23  38  78 152 205 211 201
 218 227 224 225 221 221 217 206 185 187 205 212 215 215 211 200
 253 255 255 255 255 254 254 253 253 254 251 249 250 244 240 232
 255 255 255 255 255 239 183 137 119 137 175 224 255 255 255 254
 255 255 255 238 140  53  38  30  30  27  35  47 121 227 255 253
 255 255 228  85  39  74 166 226 247 239 180  84  32  59 215 254
 255 241  88  39 132 250 245 204 169 187 237 253 176  35  62 220
 255 156  37 111 250 233 101  43  34  39  65 199 255 154  34 113
 249  70  42 210 255 114  43 132 196 131  40  63 238 247  67  42
 226  42  63 251 243  58 101 253 255 254 116  34 181 255 120  29
 218  37  63 254 239  53 132 255 255 255 150  33 176 255 129  28
 241  45  47 229 254 101  72 227 255 239  87  49 227 253  91  31
 255  99  38 140 255 230  68  68 114  74  44 165 254 208  44  53
 255 211  42  50 176 255 236 165 119 133 214 254 227  84  35 136
 255 255 170  41  56 129 224 254 255 255 234 182  77  38 101 235
 255 255 255 161  53  43  58  78 107  96  70  48  40 118 232 255
 255 255 255 255 232 141  66  38  41  41  60 108 194 249 255 255
 255 255 255 255 255 255 252 243 221 229 243 252 255 255 255 255
 250 255 255 255 255 253 254 252 253 253 250 249 250 243 236 227
 253 255 255 255 255 237 181 138 120 132 173 222 255 255 253 251
 253 255 255 238 137  55  34  32  28  27  37  47 114 226 254 250
 254 255 224  83  36  72 164 227 246 240 183  85  35  54 212 251
 255 243  92  33 133 247 245 204 167 181 237 251 182  32  55 209
 255 154  39 101 249 232  96  43  29  35  74 191 255 156  29 104
 242  65  45 215 253 124  41 128 194 130  45  61 238 247  67  45
 218  40  74 251 234  59 105 249 255 254 123  34 183 254 130  28
 213  35  71 254 230  49 144 255 255 255 152  33 177 255 141  28
 238  42  51 232 251 103  72 219 255 238  92  40 227 249 100  33
 255  91  38 143 254 232  69  64 111  81  48 152 254 200  48  50
 255 202  46  49 170 255 234 164 113 129 208 253 225  94  33 122
 255 255 173  36  54 128 223 253 255 255 235 181  76  37  89 233
 255 255 255 156  53  41  63  74 103 100  76  46  37 110 223 255
 255 255 255 255 232 137  64  36  37  42  59 103 186 243 255 255
 255 255 255 255 255 255 251 241 215 223 237 250 255 255 255 254

 170 184 184 187 156  68  20  14  11  14  37 104 177 200 201 200
 178 190 190 153  31  18  41  83  81  54  21  15  68 178 211 211
 186 201 171  26  19 114 185 197 202 196 148  45  16  84 205 215
 197 210  79  14 132 205 178 120 124 169 204 172  36  18 152 215
 195 174  12  55 204 152  35  16  16  28 127 209 129  18  78 212
 203 129  10 139 190  31  23  81 101  48  24 169 187  30  38 205
 207  92   8 199 139  12  99 211 210 189  36  96 216  54  23 187
 208  77   9 209 117   8 156 214 214 216  65  84 217  53  22 185
 210  95   8 189 158  16 100 212 217 184  32 131 214  30  19 206
 213 134  11 129 201  58  24  69  89  39  46 200 178  22  40 217
 213 192  20  49 210 185  64  30  28  69 184 218  81  18 111 221
 216 214  92  17  97 209 214 198 198 219 215 130  25  31 198 221
 216 211 190  45  20  76 164 204 207 180  85  17  20 133 224 225
 214 214 216 183  50  15  21  34  30  21  18  23 131 218 224 224
 218 217 218 220 194 111  49  25  20  28  78 182 224 224 225 227
 207 209 210 216 215 215 202 177 170 195 214 218 218 222 218 218
 232 254 253 254 220 113  42  29  28  31  53 136 235 255 255 255
 240 255 255 215  62  34  67 120 129  91  44  35 101 232 255 255
 244 255 227  59  35 154 247 255 255 253 208  84  38 118 249 255
 250 255 121  32 176 255 238 181 176 227 254 227  77  40 194 255
 249 224  47  84 253 199  63  34  33  49 165 254 182  48 108 252
 251 175  35 180 237  65  40 116 150  87  44 214 234  70  60 243
 254 137  27 239 187  39 131 254 255 239  74 133 255  96  41 229
 253 119  30 247 169  34 196 255 255 255 114 119 255 107  41 221
 253 137  30 226 204  43 132 253 255 227  68 165 254  78  38 243
 254 183  38 166 245 101  43 101 132  72  68 236 224  58  66 252
 254 239  53  74 250 233 114  58  53 101 230 255 129  43 141 255
 255 255 140  39 132 250 255 243 239 254 255 176  56  53 232 255
 255 255 238  85  39 111 210 251 254 229 140  50  41 161 255 255
 255 255 255 228  88  37  42  63  63  47  38  42 170 255 255 255
 255 255 255 255 241 156  70  42  37  45  99 211 255 255 255 255
 253 255 255 255 255 255 249 226 218 241 255 255 255 255 255 255
 227 251 250 251 209 104  45  28  28  33  50 122 233 255 255 254
 236 253 254 212  55  29  67 130 141 100  48  33  89 223 255 255
 243 255 226  54  32 156 247 254 255 249 200  94  37 110 243 255
 250 255 114  35 182 255 238 183 177 227 254 225  76  37 186 255
 249 222  47  85 251 191  61  34  33  40 152 253 181  46 103 250
 250 173  37 183 237  74  45 123 152  92  48 208 235  76  59 237
 253 132  27 240 181  35 130 254 255 238  81 129 255 100  42 223
 253 120  28 246 167  29 194 255 255 255 111 113 255 103  37 215
 252 138  32 227 204  43 128 249 255 219  64 164 253  74  36 241
 254 181  34 164 245  96  41 105 144  72  69 234 223  63  64 251
 253 237  55  72 247 232 124  59  49 103 232 255 128  41 137 255
 255 255 137  36 133 249 253 234 230 251 254 170  54  53 232 255
 255 255 238  83  33 101 215 251 254 232 143  49  36 156 255 255
 255 255 255 224  92  39  45  74  71  51  38  46 173 255 255 255
 255 255 255 255 243 154  65  40  35  42  91 202 255 255 255 255
 250 253 253 254 255 255 242 218 213 238 255 255 255 255 255 255

 200 211 215 215 212 205 187 185 206 217 221 221 225 224 227 218
 201 211 205 152  78  38  23  22  19  40 111 198 224 224 225 218
 200 178  84  18  18  30  54  53  30  22  18  31 133 218 224 222
 177  68  16  36 129 187 216 217 214 178  81  25  20 131 224 218
 104  15  45 172 209 169  96  84 131 200 218 130  17  23 182 218
  37  21 148 204 127  24  36  65  32  46 184 215  85  18  78 214
  14  54 196 169  28  48 189 216 184  39  69 219 180  21  28 195
  11  81 202 124  16 101 210 214 217  89  28 198 207  30  20 170
  14  83 197 120  16  81 211 214 212  69  30 198 204  34  25 177
  20  41 185 178  35  23  99 156 100  24  64 214 164  21  49 202
  68  18 114 205 152  31  12   8  16  58 185 209  76  15 111 215
 156  31  19 132 204 190 139 117 158 201 210  97  20  50 194 215
 187 153  26  14  55 139 199 209 189 129  49  17  45 183 220 216
 184 190 171  79  12  10   8   9   8  11  20  92 190 216 218 210
 184 190 201 210 174 129  92  77  95 134 192 214 211 214 217 209
 170 178 186 197 195 203 207 208 210 213 213 216 216 214 218 207
 255 255 255 255 252 243 229 221 243 252 255 255 255 255 255 255
 255 255 249 194 108  60  41  41  38  66 141 232 255 255 255 255
 255 232 118  40  48  70  96 107  78  58  43  53 161 255 255 255
 235 101  38  77 182 234 255 255 254 224 129  56  41 170 255 255
 136  35  84 227 254 214 133 119 165 236 255 176  50  42 211 255
  53  44 208 254 165  44  74 114  68  68 230 255 140  38  99 255
  31  91 253 227  49  87 239 255 227  72 101 254 229  47  45 241
  28 129 255 176  33 150 255 255 255 132  53 239 254  63  37 218
  29 120 255 181  34 116 254 255 253 101  58 243 251  63  42 226
  42  67 247 238  63  40 131 196 132  43 114 255 210  42  70 249
 113  34 154 255 199  65  39  34  43 101 233 250 111  37 156 255
 220  62  35 176 253 237 187 169 204 245 250 132  39  88 241 255
 254 215  59  32  84 180 239 247 226 166  74  39  85 228 255 255
 253 255 227 121  47  35  27  30  30  38  53 140 238 255 255 255
 254 255 255 255 224 175 137 119 137 183 239 255 255 255 255 255
 232 240 244 250 249 251 254 253 253 254 254 255 255 255 255 253
 254 255 255 255 250 237 223 215 241 251 255 255 255 255 255 255
 255 255 243 186 103  59  42  37  36  64 137 232 255 255 255 255
 255 223 110  37  46  76 100 103  74  63  41  53 156 255 255 255
 233  89  37  76 181 235 255 255 253 223 128  54  36 173 255 255
 122  33  94 225 253 208 129 113 164 234 255 170  49  46 202 255
  50  48 200 254 152  48  81 111  64  69 232 254 143  38  91 255
  33 100 249 227  40  92 238 255 219  72 103 251 232  51  42 238
  28 141 255 177  33 152 255 255 255 144  49 230 254  71  35 213
  28 130 254 183  34 123 254 255 249 105  59 234 251  74  40 218
  45  67 247 238  61  45 130 194 128  41 124 253 215  45  65 242
 104  29 156 255 191  74  35  29  43  96 232 249 101  39 154 255
 209  55  32 182 251 237 181 167 204 245 247 133  33  92 243 255
 251 212  54  35  85 183 240 246 227 164  72  36  83 224 255 254
 250 254 226 114  47  37  27  28  32  34  55 137 238 255 255 253
 251 253 255 255 222 173 132 120 138 181 237 255 255 255 255 253
 227 236 243 250 249 250 253 253 252 254 253 255 255 255 255 250

