  87  91  93 101 104 102  97 100 103 103 102  98  98  99  97  76
 102 122 121 127 129 124 123 117 118 122 123 123 122 121 124 101
 100 123 125 129 130 125 104  56  45  91 117 124 127 126 128 100
  99 121 127 129 113  67  22  18  18  20  50 103 130 131 129 104
  93 122 126  92  45  26  17  18  19  18  23  38  72 128 135 109
  93 120 127 125 126  75  17  18  19  19  45 134 132 136 138 106
  95 126 129 131 129  77  18  17  19  19  47 138 136 136 134 106
  96 129 132 134 133  80  18  19  19  18  49 135 136 135 133 108
 100 131 133 132 134  76  18  18  18  18  42 133 135 137 135 108
  96 128 131 131 128  74  19  18  18  17  41 133 134 134 134 105
  99 132 133 131 131  79  19  19  18  18  44 130 133 133 135 114
 104 133 134 132 133  81  18  18  19  19  44 129 132 133 136 113
 104 131 132 133 135  90  29  25  25  25  45 128 128 130 132 111
 104 127 128 130 133 126 123 121 125 116 117 123 120 123 126 108
  99 124 125 127 124 124 124 123 120 117 116 117 116 118 120 106
  95 113 114 120 116 116 115 113 105 104 106 106 106 108 110  95
 176 176 189 194 189 185 182 186 191 190 187 182 183 193 190 160
 198 209 208 209 209 210 209 209 209 209 209 209 209 209 209 180
 197 209 208 209 209 209 188 103  80 164 208 208 208 209 209 175
 197 208 209 208 193 117  32  25  26  33  95 181 209 209 209 185
 179 210 209 170  86  44  25  25  26  26  36  71 138 205 208 187
 179 209 209 208 210 132  26  26  26  27  83 210 209 210 209 181
 181 209 209 209 209 131  26  26  26  26  88 210 208 208 209 185
 180 209 209 208 209 130  26  26  25  27  85 209 209 209 209 192
 182 209 208 209 209 129  28  26  26  26  78 211 209 209 209 184
 182 209 209 210 209 127  27  26  26  26  77 209 209 208 209 181
 183 209 209 209 208 142  27  27  26  26  81 209 209 209 208 198
 185 209 209 209 209 141  27  26  25  27  82 209 208 209 209 193
 186 208 208 209 209 152  49  46  45  43  88 209 209 209 209 190
 184 209 209 209 209 208 210 208 210 209 206 210 209 209 208 191
 184 209 209 209 208 209 210 209 208 209 209 209 209 208 208 194
 180 201 202 201 207 205 208 206 197 199 200 204 204 206 205 179
 186 190 195 198 197 195 191 198 203 202 199 194 194 200 198 175
 199 210 208 208 209 209 209 209 209 208 209 209 209 208 208 190
 201 209 208 208 209 210 191 116  93 173 209 208 208 208 209 186
 201 209 208 209 197 127  43  28  29  44 104 185 208 210 209 196
 188 210 208 183 106  56  30  29  30  30  42  93 163 210 208 197
 189 209 209 210 209 141  30  29  30  30  96 210 211 209 209 192
 191 209 208 209 208 139  30  30  30  31  98 209 208 210 209 192
 190 208 209 209 209 138  31  30  30  31  98 209 209 208 210 195
 191 209 208 210 209 137  31  31  31  31  90 209 209 209 209 191
 191 208 209 209 210 141  31  30  29  30  84 209 208 209 209 190
 192 209 209 209 209 149  31  30  30  30  88 210 209 209 208 207
 195 209 209 209 209 151  32  30  30  31  92 210 208 210 208 203
 195 208 208 208 210 162  65  60  60  56 110 209 209 209 209 199
 194 210 208 209 209 210 210 208 208 204 206 208 209 208 209 199
 193 210 208 209 209 209 209 209 209 208 209 209 208 210 209 198
 190 201 201 202 205 204 205 206 206 207 209 209 209 208 207 186

  76 101 100 104 109 106 106 108 108 105 114 113 111 108 106  95
  97 124 128 129 135 138 134 133 135 134 135 136 132 126 120 110
  99 121 126 131 128 136 136 135 137 134 133 133 130 123 118 108
  98 122 127 130  72 132 136 136 135 134 133 132 128 120 116 106
  98 123 124 103  38 134 138 135 133 133 130 129 128 123 117 106
 102 123 117  50  23  45  47  49  42  41  44  44  45 117 116 106
 103 122  91  20  18  19  19  18  18  17  18  19  25 116 117 104
 103 118  45  18  19  19  19  19  18  18  18  19  25 125 120 105
 100 117  56  18  18  18  17  19  18  18  19  18  25 121 123 113
  97 123 104  22  17  17  18  18  18  19  19  18  29 123 124 115
 102 124 125  67  26  75  77  80  76  74  79  81  90 126 124 116
 104 129 130 113  45 126 129 133 134 128 131 133 135 133 124 116
 101 127 129 129  92 125 131 134 132 131 131 132 133 130 127 120
  93 121 125 127 126 127 129 132 133 131 133 134 132 128 125 114
  91 122 123 121 122 120 126 129 131 128 132 133 131 127 124 113
  87 102 100  99  93  93  95  96 100  96  99 104 104 104  99  95
 160 180 175 185 187 181 185 192 184 181 198 193 190 191 194 179
 190 209 209 209 208 209 209 209 209 209 208 209 209 208 208 205
 193 209 209 209 205 210 208 209 209 208 209 209 209 209 208 206
 183 209 208 209 138 209 208 209 209 209 209 208 209 209 209 204
 182 209 208 181  71 210 210 209 211 209 209 209 209 210 209 204
 187 209 208  95  36  83  88  85  78  77  81  82  88 206 209 200
 190 209 164  33  26  27  26  27  26  26  26  27  43 209 209 199
 191 209  80  26  26  26  26  25  26  26  26  25  45 210 208 197
 186 209 103  25  25  26  26  26  26  26  27  26  46 208 209 206
 182 209 188  32  25  26  26  26  28  27  27  27  49 210 210 208
 185 210 209 117  44 132 131 130 129 127 142 141 152 208 209 205
 189 209 209 193  86 210 209 209 209 209 208 209 209 209 208 207
 194 209 209 208 170 208 209 208 209 210 209 209 209 209 209 201
 189 208 208 209 209 209 209 209 208 209 209 209 208 209 209 202
 176 209 209 208 210 209 209 209 209 209 209 209 208 209 209 201
 176 198 197 197 179 179 181 180 182 182 183 185 186 184 184 180
 175 190 186 196 197 192 192 195 191 190 207 203 199 199 198 186
 198 208 209 209 208 209 209 210 209 209 208 208 209 209 209 207
 200 208 208 210 210 209 210 208 209 209 209 210 209 208 210 208
 194 209 208 208 163 211 208 209 209 208 209 208 209 209 208 209
 194 209 208 185  93 210 209 209 209 209 210 210 209 208 209 209
 199 209 209 104  42  96  98  98  90  84  88  92 110 206 209 209
 202 208 173  44  30  30  31  31  31  30  30  31  56 204 208 207
 203 209  93  29  30  30  30  30  31  29  30  30  60 208 209 206
 198 209 116  28  29  29  30  30  31  30  30  30  60 208 209 206
 191 209 191  43  30  30  30  31  31  31  31  32  65 210 209 205
 195 209 210 127  56 141 139 138 137 141 149 151 162 210 209 204
 197 209 209 197 106 209 208 209 209 210 209 209 210 209 209 205
 198 208 208 209 183 210 209 209 210 209 209 209 208 209 209 202
 195 208 208 208 208 209 208 209 208 209 209 209 208 208 208 201
 190 210 209 209 210 209 209 208 209 208 209 209 208 210 210 201
 186 199 201 201 188 189 191 190 191 191 192 195 195 194 193 190

  95 110 108 106 106 106 104 105 113 115 116 116 120 114 113  95
 106 120 118 116 117 116 117 120 123 124 124 124 127 125 124  99
 108 126 123 120 123 117 116 125 121 123 126 133 130 128 127 104
 111 132 130 128 128  45  25  25  25  29  90 135 133 132 131 104
 113 136 133 132 129  44  19  19  18  18  81 133 132 134 133 104
 114 135 133 133 130  44  18  18  19  19  79 131 131 133 132  99
 105 134 134 134 133  41  17  18  18  19  74 128 131 131 128  96
 108 135 137 135 133  42  18  18  18  18  76 134 132 133 131 100
 108 133 135 136 135  49  18  19  19  18  80 133 134 132 129  96
 106 134 136 136 138  47  19  19  17  18  77 129 131 129 126  95
 106 138 136 132 134  45  19  19  18  17  75 126 125 127 120  93
 109 135 128  72  38  23  18  19  18  17  26  45  92 126 122  93
 104 129 131 130 103  50  20  18  18  22  67 113 129 127 121  99
 100 128 126 127 124 117  91  45  56 104 125 130 129 125 123 100
 101 124 121 122 123 123 122 118 117 123 124 129 127 121 122 102
  76  97  99  98  98 102 103 103 100  97 102 104 101  93  91  87
 179 205 206 204 204 200 199 197 206 208 205 207 201 202 201 180
 194 208 208 209 209 209 209 208 209 210 209 208 209 209 209 184
 191 208 209 209 210 206 209 210 208 210 208 209 209 209 209 184
 190 209 209 209 209  88  43  45  46  49 152 209 209 208 208 186
 193 209 209 208 209  82  27  25  26  27 141 209 209 209 209 185
 198 208 209 209 209  81  26  26  27  27 142 208 209 209 209 183
 181 209 208 209 209  77  26  26  26  27 127 209 210 209 209 182
 184 209 209 209 211  78  26  26  26  28 129 209 209 208 209 182
 192 209 209 209 209  85  27  25  26  26 130 209 208 209 209 180
 185 209 208 208 210  88  26  26  26  26 131 209 209 209 209 181
 181 209 210 209 210  83  27  26  26  26 132 210 208 209 209 179
 187 208 205 138  71  36  26  26  25  25  44  86 170 209 210 179
 185 209 209 209 181  95  33  26  25  32 117 193 208 209 208 197
 175 209 209 208 208 208 164  80 103 188 209 209 209 208 209 197
 180 209 209 209 209 209 209 209 209 209 210 209 209 208 209 198
 160 190 193 183 182 187 190 191 186 182 185 189 194 189 176 176
 186 207 208 209 209 209 207 206 206 205 204 205 202 201 201 190
 198 209 210 208 209 209 208 209 209 209 209 209 209 208 210 193
 199 209 208 209 208 206 204 208 208 210 210 209 209 208 210 194
 199 209 209 209 209 110  56  60  60  65 162 210 208 208 208 195
 203 208 210 208 210  92  31  30  30  32 151 209 209 209 209 195
 207 208 209 209 210  88  30  30  30  31 149 209 209 209 209 192
 190 209 209 208 209  84  30  29  30  31 141 210 209 209 208 191
 191 209 209 209 209  90  31  31  31  31 137 209 210 208 209 191
 195 210 208 209 209  98  31  30  30  31 138 209 209 209 208 190
 192 209 210 208 209  98  31  30  30  30 139 208 209 208 209 191
 192 209 209 211 210  96  30  30  29  30 141 209 210 209 209 189
 197 208 210 163  93  42  30  30  29  30  56 106 183 208 210 188
 196 209 210 208 185 104  44  29  28  43 127 197 209 208 209 201
 186 209 208 208 208 209 173  93 116 191 210 209 208 208 209 201
 190 208 208 209 209 209 208 209 209 209 209 209 208 208 210 199
 175 198 200 194 194 199 202 203 198 191 195 197 198 195 190 186

  95  99 104 104 104  99  96 100  96  95  93  93  99 100 102  87
 113 124 127 131 133 132 128 131 129 126 120 122 121 123 122  91
 114 125 128 132 134 133 131 133 132 129 127 126 127 125 121  93
 120 127 130 133 132 131 131 132 134 131 125  92 129 129 127 101
 116 124 133 135 133 131 128 134 133 129 126  45 113 130 129 104
 116 124 126  90  81  79  74  76  80  77  75  26  67 125 124 102
 115 124 123  29  18  19  19  18  18  18  17  17  22 104 123  97
 113 123 121  25  18  19  18  18  19  17  18  18  18  56 117 100
 105 120 125  25  19  18  18  18  19  19  19  19  18  45 118 103
 104 117 116  25  19  18  17  18  18  19  19  18  20  91 122 103
 106 116 117  45  44  44  41  42  49  47  45  23  50 117 123 102
 106 117 123 128 129 130 133 133 135 138 134  38 103 124 123  98
 106 116 120 128 132 133 134 135 136 136 132  72 130 127 122  98
 108 118 123 130 133 133 134 137 135 136 136 128 131 126 121  99
 110 120 126 132 136 135 134 135 133 134 138 135 129 128 124  97
  95 106 108 111 113 114 105 108 108 106 106 109 104 100 101  76
 180 184 184 186 185 183 182 182 180 181 179 179 197 197 198 176
 201 209 209 208 209 209 209 209 209 209 209 210 208 209 209 176
 202 209 209 208 209 209 209 208 209 209 209 209 209 208 208 189
 201 209 209 209 209 209 210 209 208 209 208 170 208 209 209 194
 207 208 209 209 209 208 209 209 209 209 210  86 193 209 209 189
 205 209 208 152 141 142 127 129 130 131 132  44 117 209 210 185
 208 210 210  49  27  27  27  28  26  26  26  25  32 188 209 182
 206 209 208  46  26  27  26  26  26  26  26  25  25 103 209 186
 197 208 210  45  25  26  26  26  25  26  26  26  26  80 209 191
 199 209 209  43  27  26  26  26  27  26  27  26  33 164 209 190
 200 209 206  88  82  81  77  78  85  88  83  36  95 208 209 187
 204 209 210 209 209 209 209 211 209 210 210  71 181 208 209 182
 204 209 209 209 208 209 209 209 209 208 209 138 209 208 209 183
 206 208 209 209 209 209 208 209 209 208 210 205 209 209 209 193
 205 208 208 209 209 208 209 209 209 209 209 208 209 209 209 190
 179 194 191 190 193 198 181 184 192 185 181 187 185 175 180 160
 190 193 194 195 195 192 191 191 190 191 189 188 201 201 199 186
 201 210 210 208 209 209 208 209 208 209 209 210 209 209 210 190
 201 208 208 208 209 209 209 208 209 208 209 208 208 208 208 195
 202 209 209 208 209 209 209 210 209 209 210 183 209 208 208 198
 205 209 209 210 209 209 210 209 209 208 209 106 197 209 209 197
 204 209 210 162 151 149 141 137 138 139 141  56 127 210 209 195
 205 209 210  65  32  31  31  31  31  30  30  30  43 191 209 191
 206 209 208  60  30  30  30  31  30  30  29  29  28 116 209 198
 206 209 208  60  30  30  29  31  30  30  30  30  29  93 209 203
 207 208 204  56  31  30  30  31  31  31  30  30  44 173 208 202
 209 209 206 110  92  88  84  90  98  98  96  42 104 209 209 199
 209 209 208 209 210 210 209 209 209 209 210  93 185 208 209 194
 209 208 209 209 208 209 208 209 209 208 211 163 208 208 209 194
 208 210 208 209 210 209 209 209 208 210 209 210 210 208 208 200
 207 209 209 209 208 208 209 209 210 209 209 208 209 209 208 198
 186 198 199 199 203 207 190 191 195 192 192 197 196 186 190 175

