 213 215 214 212 211 210 209 208 206 206 207 210 210 210 210 205
 221 221 219 220 218 218 219 218 218 218 217 216 216 218 218 214
 218 219 216 218 218 219 217 215 214 217 219 218 217 217 215 215
 217 218 221 223 219 217 218 155 174 215 217 217 216 215 215 208
 219 220 219 217 168 189 210  77 129 217 181 180 212 213 212 206
 216 219 218 219 164  59 162  91 111 143  50 208 216 216 212 199
 214 216 217 218 200 136  31  21  21  52 161 208 213 214 208 190
 214 216 216 164 105  84  21  16  19  21 115  79 159 208 204 194
 212 213 198 150  98  83  18  17  18  18 124 115 184 207 201 189
 208 210 211 208 199 114  38  19  24  63 151 203 201 201 196 188
 205 202 203 204 162  61 150  88 115 132  58 187 195 193 189 188
 198 197 198 196 155 183 184  64 150 188 158 168 192 187 182 180
 196 194 193 193 191 191 190 118 185 187 188 186 187 183 177 179
 191 189 191 189 187 184 185 182 186 185 182 183 175 174 172 169
 184 182 178 177 179 176 180 180 177 175 175 172 170 168 162 161
 178 168 170 171 171 173 170 170 170 171 170 169 164 156 153 151
 255 255 255 255 254 253 253 252 251 251 250 255 255 255 254 252
 255 255 255 255 255 255 255 255 255 255 255 255 255 255 255 255
 255 255 255 255 255 255 255 255 255 255 255 255 255 255 255 254
 255 255 255 255 255 255 255 206 223 255 255 255 255 255 255 254
 255 255 255 255 218 237 254 124 185 254 224 230 255 255 255 253
 255 255 255 255 209 100 207 133 162 182  92 249 255 255 255 248
 255 255 255 255 252 172  44  37  42  92 218 255 255 255 255 245
 255 255 252 199 147 111  34  32  36  49 160 132 221 255 255 244
 255 255 249 201 147 114  35  34  32  45 174 166 240 255 255 245
 255 255 255 255 252 152  56  35  40 101 209 255 255 255 255 243
 255 255 255 255 202  99 197 118 163 174  97 245 255 255 255 245
 255 255 255 253 213 246 245 100 200 247 217 235 254 254 253 238
 255 254 255 255 255 254 252 170 244 254 253 251 251 251 249 235
 254 253 253 253 252 251 252 247 251 252 250 249 247 247 241 226
 249 245 246 246 245 244 246 245 246 244 242 241 238 237 232 219
 241 235 235 235 237 237 236 237 237 236 237 235 230 226 221 209
 252 251 250 249 249 247 245 245 245 244 243 255 255 255 255 252
 255 255 255 255 255 255 255 255 255 255 255 255 255 255 255 255
 255 255 255 255 255 255 255 253 253 255 255 255 255 255 255 254
 255 255 255 255 255 255 255 199 220 255 255 255 255 255 255 253
 255 255 255 255 210 230 252 119 180 252 217 227 255 255 255 252
 255 255 255 255 206 100 199 114 148 176  92 248 255 255 255 248
 255 255 255 255 250 166  39  36  40  89 219 255 255 255 255 243
 255 255 251 192 136 104  32  32  29  49 166 147 224 255 255 242
 255 255 246 197 146 111  35  30  34  45 158 152 237 255 255 241
 255 255 255 255 248 146  49  36  38  96 211 255 255 255 254 239
 255 255 254 255 194  88 180 107 145 166 101 246 254 253 248 236
 254 254 253 248 202 236 235  95 196 237 200 230 251 250 249 232
 251 251 251 253 253 252 246 156 239 253 251 248 248 244 242 231
 248 245 248 252 251 250 250 244 249 245 243 241 235 237 234 221
 241 237 239 240 239 239 240 240 239 237 234 233 229 229 229 216
 232 234 235 234 233 236 234 226 226 227 225 224 223 224 219 205

 205 214 215 208 206 199 190 194 189 188 188 180 179 169 161 151
 210 218 215 215 212 212 208 204 201 196 189 182 177 172 162 153
 210 218 217 215 213 216 214 208 207 201 193 187 183 174 168 156
 210 216 217 216 212 216 213 159 184 201 195 192 187 175 170 164
 210 216 218 217 180 208 208  79 115 203 187 168 186 183 172 169
 207 217 219 217 181  50 161 115 124 151  58 158 188 182 175 170
 206 218 217 215 217 143  52  21  18  63 132 188 187 185 175 171
 206 218 214 174 129 111  21  19  18  24 115 150 185 186 177 170
 208 218 215 155  77  91  21  16  17  19  88  64 118 182 180 170
 209 219 217 218 210 162  31  21  18  38 150 184 190 185 180 170
 210 218 219 217 189  59 136  84  83 114  61 183 191 184 176 173
 211 218 218 219 168 164 200 105  98 199 162 155 191 187 179 171
 212 220 218 223 217 219 218 164 150 208 204 196 193 189 177 171
 214 219 216 221 219 218 217 216 198 211 203 198 193 191 178 170
 215 221 219 218 220 219 216 216 213 210 202 197 194 189 182 168
 213 221 218 217 219 216 214 214 212 208 205 198 196 191 184 178
 252 255 254 254 253 248 245 244 245 243 245 238 235 226 219 209
 254 255 255 255 255 255 255 255 255 255 255 253 249 241 232 221
 255 255 255 255 255 255 255 255 255 255 255 254 251 247 237 226
 255 255 255 255 255 255 255 221 240 255 255 254 251 247 238 230
 255 255 255 255 230 249 255 132 166 255 245 235 251 249 241 235
 250 255 255 255 224  92 218 160 174 209  97 217 253 250 242 237
 251 255 255 255 254 182  92  49  45 101 174 247 254 252 244 236
 251 255 255 223 185 162  42  36  32  40 163 200 244 251 246 237
 252 255 255 206 124 133  37  32  34  35 118 100 170 247 245 237
 253 255 255 255 254 207  44  34  35  56 197 245 252 252 246 236
 253 255 255 255 237 100 172 111 114 152  99 246 254 251 244 237
 254 255 255 255 218 209 252 147 147 252 202 213 255 252 245 237
 255 255 255 255 255 255 255 199 201 255 255 253 255 253 246 235
 255 255 255 255 255 255 255 252 249 255 255 255 255 253 246 235
 255 255 255 255 255 255 255 255 255 255 255 255 254 253 245 235
 255 255 255 255 255 255 255 255 255 255 255 255 255 254 249 241
 252 255 254 253 252 248 243 242 241 239 236 232 231 221 216 205
 255 255 255 255 255 255 255 255 255 254 248 249 242 234 229 219
 255 255 255 255 255 255 255 255 255 255 253 250 244 237 229 224
 255 255 255 255 255 255 255 224 237 255 254 251 248 235 229 223
 255 255 255 255 227 248 255 147 152 255 246 230 248 241 233 224
 243 255 255 255 217  92 219 166 158 211 101 200 251 243 234 225
 244 255 255 255 252 176  89  49  45  96 166 237 253 245 237 227
 245 255 253 220 180 148  40  29  34  38 145 196 239 249 239 226
 245 255 253 199 119 114  36  32  30  36 107  95 156 244 240 226
 245 255 255 255 252 199  39  32  35  49 180 235 246 250 240 234
 247 255 255 255 230 100 166 104 111 146  88 236 252 250 239 236
 249 255 255 255 210 206 250 136 146 248 194 202 253 251 239 233
 249 255 255 255 255 255 255 192 197 255 255 248 253 252 240 234
 250 255 255 255 255 255 255 251 246 255 254 253 251 248 239 235
 251 255 255 255 255 255 255 255 255 255 255 254 251 245 237 234
 252 255 255 255 255 255 255 255 255 255 255 254 251 248 241 232

 151 153 156 164 169 170 171 170 170 170 173 171 171 170 168 178
 161 162 168 170 172 175 175 177 180 180 176 179 177 178 182 184
 169 172 174 175 183 182 185 186 182 185 184 187 189 191 189 191
 179 177 183 187 186 188 187 185 118 190 191 191 193 193 194 196
 180 182 187 192 168 158 188 150  64 184 183 155 196 198 197 198
 188 189 193 195 187  58 132 115  88 150  61 162 204 203 202 205
 188 196 201 201 203 151  63  24  19  38 114 199 208 211 210 208
 189 201 207 184 115 124  18  18  17  18  83  98 150 198 213 212
 194 204 208 159  79 115  21  19  16  21  84 105 164 216 216 214
 190 208 214 213 208 161  52  21  21  31 136 200 218 217 216 214
 199 212 216 216 208  50 143 111  91 162  59 164 219 218 219 216
 206 212 213 212 180 181 217 129  77 210 189 168 217 219 220 219
 208 215 215 216 217 217 215 174 155 218 217 219 223 221 218 217
 215 215 217 217 218 219 217 214 215 217 219 218 218 216 219 218
 214 218 218 216 216 217 218 218 218 219 218 218 220 219 221 221
 205 210 210 210 210 207 206 206 208 209 210 211 212 214 215 213
 209 221 226 230 235 237 236 237 237 236 237 237 235 235 235 241
 219 232 237 238 241 242 244 246 245 246 244 245 246 246 245 249
 226 241 247 247 249 250 252 251 247 252 251 252 253 253 253 254
 235 249 251 251 251 253 254 244 170 252 254 255 255 255 254 255
 238 253 254 254 235 217 247 200 100 245 246 213 253 255 255 255
 245 255 255 255 245  97 174 163 118 197  99 202 255 255 255 255
 243 255 255 255 255 209 101  40  35  56 152 252 255 255 255 255
 245 255 255 240 166 174  45  32  34  35 114 147 201 249 255 255
 244 255 255 221 132 160  49  36  32  34 111 147 199 252 255 255
 245 255 255 255 255 218  92  42  37  44 172 252 255 255 255 255
 248 255 255 255 249  92 182 162 133 207 100 209 255 255 255 255
 253 255 255 255 230 224 254 185 124 254 237 218 255 255 255 255
 254 255 255 255 255 255 255 223 206 255 255 255 255 255 255 255
 254 255 255 255 255 255 255 255 255 255 255 255 255 255 255 255
 255 255 255 255 255 255 255 255 255 255 255 255 255 255 255 255
 252 254 255 255 255 250 251 251 252 253 253 254 255 255 255 255
 205 219 224 223 224 225 227 226 226 234 236 233 234 235 234 232
 216 229 229 229 233 234 237 239 240 240 239 239 240 239 237 241
 221 234 237 235 241 243 245 249 244 250 250 251 252 248 245 248
 231 242 244 248 248 251 253 239 156 246 252 253 253 251 251 251
 232 249 250 251 230 200 237 196  95 235 236 202 248 253 254 254
 236 248 253 254 246 101 166 145 107 180  88 194 255 254 255 255
 239 254 255 255 255 211  96  38  36  49 146 248 255 255 255 255
 241 255 255 237 152 158  45  34  30  35 111 146 197 246 255 255
 242 255 255 224 147 166  49  29  32  32 104 136 192 251 255 255
 243 255 255 255 255 219  89  40  36  39 166 250 255 255 255 255
 248 255 255 255 248  92 176 148 114 199 100 206 255 255 255 255
 252 255 255 255 227 217 252 180 119 252 230 210 255 255 255 255
 253 255 255 255 255 255 255 220 199 255 255 255 255 255 255 255
 254 255 255 255 255 255 255 253 253 255 255 255 255 255 255 255
 255 255 255 255 255 255 255 255 255 255 255 255 255 255 255 255
 252 255 255 255 255 243 244 245 245 245 247 249 249 250 251 252

 178 184 191 196 198 205 208 212 214 214 216 219 217 218 221 213
 168 182 189 194 197 202 210 213 216 216 219 220 218 219 221 215
 170 178 191 193 198 203 211 198 216 217 218 219 221 216 219 214
 171 177 189 193 196 204 208 150 164 218 219 217 223 218 220 212
 171 179 187 191 155 162 199  98 105 200 164 168 219 218 218 211
 173 176 184 191 183  61 114  83  84 136  59 189 217 219 218 210
 170 180 185 190 184 150  38  18  21  31 162 210 218 217 219 209
 170 180 182 118  64  88  19  17  16  21  91  77 155 215 218 208
 170 177 186 185 150 115  24  18  19  21 111 129 174 214 218 206
 171 175 185 187 188 132  63  18  21  52 143 217 215 217 218 206
 170 175 182 188 158  58 151 124 115 161  50 181 217 219 217 207
 169 172 183 186 168 187 203 115  79 208 208 180 217 218 216 210
 164 170 175 187 192 195 201 184 159 213 216 212 216 217 216 210
 156 168 174 183 187 193 201 207 208 214 216 213 215 217 218 210
 153 162 172 177 182 189 196 201 204 208 212 212 215 215 218 210
 151 161 169 179 180 188 188 189 194 190 199 206 208 215 214 205
 241 249 254 255 255 255 255 255 255 255 255 255 255 255 255 255
 235 245 253 254 255 255 255 255 255 255 255 255 255 255 255 255
 235 246 253 255 255 255 255 249 252 255 255 255 255 255 255 255
 235 246 253 255 253 255 255 201 199 255 255 255 255 255 255 255
 237 245 252 255 213 202 252 147 147 252 209 218 255 255 255 254
 237 244 251 254 246  99 152 114 111 172 100 237 255 255 255 253
 236 246 252 252 245 197  56  35  34  44 207 254 255 255 255 253
 237 245 247 170 100 118  35  34  32  37 133 124 206 255 255 252
 237 246 251 244 200 163  40  32  36  42 162 185 223 255 255 251
 236 244 252 254 247 174 101  45  49  92 182 254 255 255 255 251
 237 242 250 253 217  97 209 174 160 218  92 224 255 255 255 250
 235 241 249 251 235 245 255 166 132 255 249 230 255 255 255 255
 230 238 247 251 254 255 255 240 221 255 255 255 255 255 255 255
 226 237 247 251 254 255 255 255 255 255 255 255 255 255 255 255
 221 232 241 249 253 255 255 255 255 255 255 255 255 255 255 254
 209 219 226 235 238 245 243 245 244 245 248 253 254 254 255 252
 232 241 248 251 254 255 255 255 255 255 255 255 255 255 255 252
 234 237 245 251 254 255 255 255 255 255 255 255 255 255 255 251
 235 239 248 251 253 254 255 246 251 255 255 255 255 255 255 250
 234 240 252 253 248 255 255 197 192 255 255 255 255 255 255 249
 233 239 251 253 202 194 248 146 136 250 206 210 255 255 255 249
 236 239 250 252 236  88 146 111 104 166 100 230 255 255 255 247
 234 240 250 246 235 180  49  35  32  39 199 252 255 255 255 245
 226 240 244 156  95 107  36  30  32  36 114 119 199 253 255 245
 226 239 249 239 196 145  38  34  29  40 148 180 220 253 255 245
 227 237 245 253 237 166  96  45  49  89 176 252 255 255 255 244
 225 234 243 251 200 101 211 158 166 219  92 217 255 255 255 243
 224 233 241 248 230 246 255 152 147 255 248 227 255 255 255 255
 223 229 235 248 251 254 255 237 224 255 255 255 255 255 255 255
 224 229 237 244 250 253 255 255 255 255 255 255 255 255 255 255
 219 229 234 242 249 248 254 255 255 255 255 255 255 255 255 255
 205 216 221 231 232 236 239 241 242 243 248 252 253 254 255 252

