 215 217 219 217 217 216 217 215 213 212 211 217 216 212 210 206
 225 225 222 223 222 220 219 216 217 215 216 216 217 216 215 215
 224 224 110  81  77  81  78  77  73  77  78  78  82 202 218 217
 221 226  49  21  17  15  14  16  12  13  13  13  21 191 215 219
 222 223  57  24  38  36  36  38  37  35  39  27  19 193 218 215
 223 226  57  88 219 218 214 212 213 209 209 118  22 202 212 207
 221 221  51 106 219 102  89  93  92 103 215 121  24 202 211 209
 216 217  31 115 217  27  15  13  12  22 209 122  20 190 212 211
 216 208  29 118 212  28  13  15  16  15 194 131  17 185 213 210
 217 210  33 106 215  29  11  10  10  12 184 121  15 189 208 203
 214 213  35 104 210  96 101 106 106 110 202  98  22 202 211 197
 214 205  34 102 167 167 169 169 167 169 161  76  18 190 207 199
 216 201  36  23  21  19  22  20  20  19  16  12  14 177 199 196
 212 198  46  13  14  12  10   9  13  12  12  12  20 190 196 185
 212 198 111  91  91  95  99 107 118 117 114 113 116 193 187 185
 200 202 200 198 199 196 195 196 195 192 189 186 183 185 182 183
 255 255 255 255 255 255 255 255 255 254 254 254 255 255 255 252
 255 255 255 255 255 255 255 255 255 255 255 255 255 255 255 254
 255 255 149 121 121 120 120 120 115 118 119 120 134 242 255 255
 255 255  74  37  36  35  35  34  33  33  30  31  55 232 255 255
 255 255  82  56  82  81  79  77  76  77  76  53  54 233 255 254
 255 255  87 141 255 255 255 255 255 255 255 153  63 248 255 251
 255 255  78 155 254 143 131 135 135 152 254 149  63 249 255 251
 255 254  61 170 252  50  36  38  36  68 251 155  57 237 255 254
 255 248  64 173 250  47  32  32  30  49 236 166  51 230 255 254
 255 249  60 153 253  52  30  30  31  47 228 154  55 240 255 250
 255 252  60 155 253 141 143 152 156 166 246 133  59 248 255 248
 255 250  63 156 222 223 224 227 225 226 215 108  51 237 255 251
 255 243  57  36  40  40  41  39  37  33  32  27  44 228 255 248
 255 246  68  30  29  26  25  26  28  25  27  28  51 241 255 242
 255 249 164 144 142 146 149 163 166 163 161 161 172 252 255 246
 255 255 255 255 255 255 255 255 255 254 254 253 252 253 253 241
 255 255 255 255 255 255 255 255 255 255 255 255 255 255 255 249
 255 255 255 255 255 255 255 255 255 255 255 255 255 255 255 254
 255 255 157 130 127 128 126 127 125 126 128 128 144 243 255 255
 255 255  74  42  37  35  34  34  29  32  30  29  56 232 255 255
 255 254  80  61  95  99  96  95  96  96  90  62  56 233 255 254
 255 254  82 141 255 255 255 255 255 255 255 151  66 247 255 252
 255 254  79 160 254 160 152 153 155 169 255 150  64 248 255 251
 255 252  61 168 251  47  31  32  34  65 250 157  57 236 255 253
 255 244  61 174 250  45  29  26  28  51 236 161  52 230 255 253
 255 246  60 152 251  48  28  27  25  47 227 151  51 238 255 250
 255 250  61 153 253 145 141 132 133 148 244 133  59 248 255 249
 255 245  64 167 231 232 233 233 235 235 219 115  56 237 255 251
 255 240  59  46  47  47  44  43  41  30  30  29  46 227 255 246
 255 241  64  28  28  24  24  26  24  27  28  26  57 242 255 242
 255 247 167 150 148 145 145 141 138 134 132 131 150 250 254 243
 255 255 255 255 255 254 254 254 255 254 254 251 251 251 249 238

 206 215 217 219 215 207 209 211 210 203 197 199 196 185 185 183
 210 215 218 215 218 212 211 212 213 208 211 207 199 196 187 182
 212 216 202 191 193 202 202 190 185 189 202 190 177 190 193 185
 216 217  82  21  19  22  24  20  17  15  22  18  14  20 116 183
 217 216  78  13  27 118 121 122 131 121  98  76  12  12 113 186
 211 216  78  13  39 209 215 209 194 184 202 161  16  12 114 189
 212 215  77  13  35 209 103  22  15  12 110 169  19  12 117 192
 213 217  73  12  37 213  92  12  16  10 106 167  20  13 118 195
 215 216  77  16  38 212  93  13  15  10 106 169  20   9 107 196
 217 219  78  14  36 214  89  15  13  11 101 169  22  10  99 195
 216 220  81  15  36 218 102  27  28  29  96 167  19  12  95 196
 217 222  77  17  38 219 219 217 212 215 210 167  21  14  91 199
 217 223  81  21  24  88 106 115 118 106 104 102  23  13  91 198
 219 222 110  49  57  57  51  31  29  33  35  34  36  46 111 200
 217 225 224 226 223 226 221 217 208 210 213 205 201 198 198 202
 215 225 224 221 222 223 221 216 216 217 214 214 216 212 212 200
 252 254 255 255 254 251 251 254 254 250 248 251 248 242 246 241
 255 255 255 255 255 255 255 255 255 255 255 255 255 255 255 253
 255 255 242 232 233 248 249 237 230 240 248 237 228 241 252 253
 255 255 134  55  54  63  63  57  51  55  59  51  44  51 172 252
 254 255 120  31  53 153 149 155 166 154 133 108  27  28 161 253
 254 255 119  30  76 255 254 251 236 228 246 215  32  27 161 254
 254 255 118  33  77 255 152  68  49  47 166 226  33  25 163 254
 255 255 115  33  76 255 135  36  30  31 156 225  37  28 166 255
 255 255 120  34  77 255 135  38  32  30 152 227  39  26 163 255
 255 255 120  35  79 255 131  36  32  30 143 224  41  25 149 255
 255 255 120  35  81 255 143  50  47  52 141 223  40  26 146 255
 255 255 121  36  82 255 254 252 250 253 253 222  40  29 142 255
 255 255 121  37  56 141 155 170 173 153 155 156  36  30 144 255
 255 255 149  74  82  87  78  61  64  60  60  63  57  68 164 255
 255 255 255 255 255 255 255 254 248 249 252 250 243 246 249 255
 255 255 255 255 255 255 255 255 255 255 255 255 255 255 255 255
 249 254 255 255 254 252 251 253 253 250 249 251 246 242 243 238
 255 255 255 255 255 255 255 255 255 255 255 255 255 255 254 249
 255 255 243 232 233 247 248 236 230 238 248 237 227 242 250 251
 255 255 144  56  56  66  64  57  52  51  59  56  46  57 150 251
 255 255 128  29  62 151 150 157 161 151 133 115  29  26 131 251
 255 255 128  30  90 255 255 250 236 227 244 219  30  28 132 254
 255 255 126  32  96 255 169  65  51  47 148 235  30  27 134 254
 255 255 125  29  96 255 155  34  28  25 133 235  41  24 138 255
 255 255 127  34  95 255 153  32  26  27 132 233  43  26 141 254
 255 255 126  34  96 255 152  31  29  28 141 233  44  24 145 254
 255 255 128  35  99 255 160  47  45  48 145 232  47  24 145 254
 255 255 127  37  95 255 254 251 250 251 253 231  47  28 148 255
 255 255 130  42  61 141 160 168 174 152 153 167  46  28 150 255
 255 255 157  74  80  82  79  61  61  60  61  64  59  64 167 255
 255 255 255 255 254 254 254 252 244 246 250 245 240 241 247 255
 255 255 255 255 255 255 255 255 255 255 255 255 255 255 255 255

 183 182 185 183 186 189 192 195 196 195 196 199 198 200 202 200
 185 187 193 116 113 114 117 118 107  99  95  91  91 111 198 212
 185 196 190  20  12  12  12  13   9  10  12  14  13  46 198 212
 196 199 177  14  12  16  19  20  20  22  19  21  23  36 201 216
 199 207 190  18  76 161 169 167 169 169 167 167 102  34 205 214
 197 211 202  22  98 202 110 106 106 101  96 210 104  35 213 214
 203 208 189  15 121 184  12  10  10  11  29 215 106  33 210 217
 210 213 185  17 131 194  15  16  15  13  28 212 118  29 208 216
 211 212 190  20 122 209  22  12  13  15  27 217 115  31 217 216
 209 211 202  24 121 215 103  92  93  89 102 219 106  51 221 221
 207 212 202  22 118 209 209 213 212 214 218 219  88  57 226 223
 215 218 193  19  27  39  35  37  38  36  36  38  24  57 223 222
 219 215 191  21  13  13  13  12  16  14  15  17  21  49 226 221
 217 218 202  82  78  78  77  73  77  78  81  77  81 110 224 224
 215 215 216 217 216 216 215 217 216 219 220 222 223 222 225 225
 206 210 212 216 217 211 212 213 215 217 216 217 217 219 217 215
 241 253 253 252 253 254 254 255 255 255 255 255 255 255 255 255
 246 255 252 172 161 161 163 166 163 149 146 142 144 164 249 255
 242 255 241  51  28  27  25  28  26  25  26  29  30  68 246 255
 248 255 228  44  27  32  33  37  39  41  40  40  36  57 243 255
 251 255 237  51 108 215 226 225 227 224 223 222 156  63 250 255
 248 255 248  59 133 246 166 156 152 143 141 253 155  60 252 255
 250 255 240  55 154 228  47  31  30  30  52 253 153  60 249 255
 254 255 230  51 166 236  49  30  32  32  47 250 173  64 248 255
 254 255 237  57 155 251  68  36  38  36  50 252 170  61 254 255
 251 255 249  63 149 254 152 135 135 131 143 254 155  78 255 255
 251 255 248  63 153 255 255 255 255 255 255 255 141  87 255 255
 254 255 233  54  53  76  77  76  77  79  81  82  56  82 255 255
 255 255 232  55  31  30  33  33  34  35  35  36  37  74 255 255
 255 255 242 134 120 119 118 115 120 120 120 121 121 149 255 255
 254 255 255 255 255 255 255 255 255 255 255 255 255 255 255 255
 252 255 255 255 254 254 254 255 255 255 255 255 255 255 255 255
 238 249 251 251 251 254 254 255 254 254 254 255 255 255 255 255
 243 254 250 150 131 132 134 138 141 145 145 148 150 167 247 255
 242 255 242  57  26  28  27  24  26  24  24  28  28  64 241 255
 246 255 227  46  29  30  30  41  43  44  47  47  46  59 240 255
 251 255 237  56 115 219 235 235 233 233 232 231 167  64 245 255
 249 255 248  59 133 244 148 133 132 141 145 253 153  61 250 255
 250 255 238  51 151 227  47  25  27  28  48 251 152  60 246 255
 253 255 230  52 161 236  51  28  26  29  45 250 174  61 244 255
 253 255 236  57 157 250  65  34  32  31  47 251 168  61 252 255
 251 255 248  64 150 255 169 155 153 152 160 254 160  79 254 255
 252 255 247  66 151 255 255 255 255 255 255 255 141  82 254 255
 254 255 233  56  62  90  96  96  95  96  99  95  61  80 254 255
 255 255 232  56  29  30  32  29  34  34  35  37  42  74 255 255
 255 255 243 144 128 128 126 125 127 126 128 127 130 157 255 255
 254 255 255 255 255 255 255 255 255 255 255 255 255 255 255 255
 249 255 255 255 255 255 255 255 255 255 255 255 255 255 255 255

 200 212 212 216 214 214 217 216 216 221 223 222 221 224 225 215
 202 198 198 201 205 213 210 208 217 221 226 223 226 224 225 217
 200 111  46  36  34  35  33  29  31  51  57  57  49 110 222 219
 198  91  13  23 102 104 106 118 115 106  88  24  21  81 223 217
 199  91  14  21 167 210 215 212 217 219 219  38  17  77 222 217
 196  95  12  19 167  96  29  28  27 102 218  36  15  81 220 216
 195  99  10  22 169 101  11  13  15  89 214  36  14  78 219 217
 196 107   9  20 169 106  10  15  13  93 212  38  16  77 216 215
 195 118  13  20 167 106  10  16  12  92 213  37  12  73 217 213
 192 117  12  19 169 110  12  15  22 103 209  35  13  77 215 212
 189 114  12  16 161 202 184 194 209 215 209  39  13  78 216 211
 186 113  12  12  76  98 121 131 122 121 118  27  13  78 216 217
 183 116  20  14  18  22  15  17  20  24  22  19  21  82 217 216
 185 193 190 177 190 202 189 185 190 202 202 193 191 202 216 212
 182 187 196 199 207 211 208 213 212 211 212 218 215 218 215 210
 183 185 185 196 199 197 203 210 211 209 207 215 219 217 215 206
 255 255 255 255 255 255 255 255 255 255 255 255 255 255 255 255
 255 249 246 243 250 252 249 248 254 255 255 255 255 255 255 255
 255 164  68  57  63  60  60  64  61  78  87  82  74 149 255 255
 255 144  30  36 156 155 153 173 170 155 141  56  37 121 255 255
 255 142  29  40 222 253 253 250 252 254 255  82  36 121 255 255
 255 146  26  40 223 141  52  47  50 143 255  81  35 120 255 255
 255 149  25  41 224 143  30  32  36 131 255  79  35 120 255 255
 255 163  26  39 227 152  30  32  38 135 255  77  34 120 255 255
 255 166  28  37 225 156  31  30  36 135 255  76  33 115 255 255
 254 163  25  33 226 166  47  49  68 152 255  77  33 118 255 254
 254 161  27  32 215 246 228 236 251 254 255  76  30 119 255 254
 253 161  28  27 108 133 154 166 155 149 153  53  31 120 255 254
 252 172  51  44  51  59  55  51  57  63  63  54  55 134 255 255
 253 252 241 228 237 248 240 230 237 249 248 233 232 242 255 255
 253 255 255 255 255 255 255 255 255 255 255 255 255 255 255 255
 241 246 242 248 251 248 250 254 254 251 251 254 255 255 254 252
 255 255 255 255 255 255 255 255 255 255 255 255 255 255 255 255
 255 247 241 240 245 250 246 244 252 254 254 254 255 255 255 255
 255 167  64  59  64  61  60  61  61  79  82  80  74 157 255 255
 255 150  28  46 167 153 152 174 168 160 141  61  42 130 255 255
 255 148  28  47 231 253 251 250 251 254 255  95  37 127 255 255
 254 145  24  47 232 145  48  45  47 160 255  99  35 128 255 255
 254 145  24  44 233 141  28  29  31 152 255  96  34 126 255 255
 254 141  26  43 233 132  27  26  32 153 255  95  34 127 255 255
 255 138  24  41 235 133  25  28  34 155 255  96  29 125 255 255
 254 134  27  30 235 148  47  51  65 169 255  96  32 126 255 255
 254 132  28  30 219 244 227 236 250 255 255  90  30 128 255 255
 251 131  26  29 115 133 151 161 157 150 151  62  29 128 255 255
 251 150  57  46  56  59  51  52  57  64  66  56  56 144 255 255
 251 250 242 227 237 248 238 230 236 248 247 233 232 243 255 255
 249 254 255 255 255 255 255 255 255 255 255 255 255 255 255 255
 238 243 242 246 251 249 250 253 253 251 252 254 255 255 254 249

