 184 182 184 181 181 182 177 173 176 172 176 177 171 166 160 159
 199 198 195 191 193 193 185 188 184 184 182 184 182 176 169 171
 202 198 198 191 190 190 190 185 183 182 184 182 180 173 174 173
 200 196 193 183 157 130 144 174 178 147 121 127 165 177 172 172
 195 191 180  80  19  14  20  55  77  16  11  14  37 156 175 168
 191 182 140  11  13  12  10  11  13   9   7   8   9  66 179 172
 187 181 109  10  11   8   8   7   8   7  10   7   5  51 179 167
 188 185 159  23  12   9   8   9   7   7   6  10  13 126 164 164
 182 179 178 124  16   8  12  10   7   7   7   9 101 168 161 160
 176 170 171 164 109   6   9   8  10   8   8  68 160 161 155 158
 175 171 169 170 166  73  12  10   8  11  39 155 159 155 154 153
 170 166 166 164 165 156  55  13  10  28 147 157 155 156 150 149
 165 163 163 158 160 161 144  35  11 131 151 152 152 150 149 144
 167 161 157 156 158 159 157 132 103 155 154 153 150 146 143 140
 160 158 155 155 154 154 152 150 152 152 149 147 142 141 143 146
 153 146 150 150 144 144 141 143 141 141 135 139 138 134 132 132
 250 249 250 249 250 250 250 249 249 249 250 250 247 246 241 230
 255 255 255 255 255 255 255 255 255 255 255 254 254 253 250 243
 255 255 255 255 255 255 255 255 255 254 254 254 254 253 252 242
 255 255 255 249 215 188 206 246 249 209 174 186 236 252 249 244
 255 255 249 116  39  32  38  89 111  36  29  32  71 221 252 239
 255 255 192  28  27  25  27  24  23  27  26  24  24 114 252 241
 255 254 155  28  25  24  24  23  24  23  27  24  27  99 251 236
 255 254 222  44  27  26  23  23  25  24  25  26  42 192 245 236
 254 251 252 169  34  24  23  20  21  23  24  32 154 244 241 230
 253 251 252 244 163  28  24  22  24  24  30 121 238 241 236 232
 249 247 248 245 237 113  29  25  23  25  82 228 235 233 233 223
 249 247 246 244 240 220  90  27  25  61 215 235 234 232 230 219
 242 238 239 237 237 236 212  68  48 207 233 232 231 227 221 207
 243 238 237 236 239 238 235 196 168 233 234 231 229 225 221 212
 235 229 228 227 227 227 225 225 224 223 224 224 221 218 216 213
 226 221 223 223 220 221 218 219 216 217 213 214 210 207 202 195
 251 250 251 251 252 252 252 250 252 251 251 251 249 249 243 233
 255 255 255 255 255 255 254 254 254 255 255 254 254 252 247 242
 255 255 255 255 255 255 255 254 254 255 255 255 254 253 252 243
 255 255 255 246 205 171 195 241 243 196 163 177 230 253 251 244
 255 255 246 112  38  33  38  86 109  38  28  29  68 220 249 240
 255 254 195  30  27  27  27  28  29  28  26  26  29 119 252 245
 254 251 152  27  26  22  22  21  24  21  24  21  27  98 250 238
 254 254 218  45  29  26  27  23  25  24  22  24  44 192 244 233
 252 250 246 159  33  26  24  24  23  24  24  27 143 243 238 231
 244 242 242 235 161  28  23  21  22  24  30 120 236 238 234 229
 249 246 248 247 237 110  28  25  23  25  87 231 238 236 235 226
 241 237 238 236 237 211  82  28  27  53 206 233 234 233 230 223
 238 233 236 234 235 234 211  73  54 206 230 230 230 225 225 212
 238 232 229 228 230 229 226 187 159 224 225 226 223 219 215 207
 231 229 228 229 229 231 227 225 226 227 227 223 219 215 216 214
 223 218 222 220 216 216 213 216 215 216 210 210 206 202 199 195

 159 171 173 172 168 172 167 164 160 158 153 149 144 140 146 132
 160 169 174 172 175 179 179 164 161 155 154 150 149 143 143 132
 166 176 173 177 156  66  51 126 168 161 155 156 150 146 141 134
 171 182 180 165  37   9   5  13 101 160 159 155 152 150 142 138
 177 184 182 127  14   8   7  10   9  68 155 157 152 153 147 139
 176 182 184 121  11   7  10   6   7   8  39 147 151 154 149 135
 172 184 182 147  16   9   7   7   7   8  11  28 131 155 152 141
 176 184 183 178  77  13   8   7   7  10   8  10  11 103 152 141
 173 188 185 174  55  11   7   9  10   8  10  13  35 132 150 143
 177 185 190 144  20  10   8   8  12   9  12  55 144 157 152 141
 182 193 190 130  14  12   8   9   8   6  73 156 161 159 154 144
 181 193 190 157  19  13  11  12  16 109 166 165 160 158 154 144
 181 191 191 183  80  11  10  23 124 164 170 164 158 156 155 150
 184 195 198 193 180 140 109 159 178 171 169 166 163 157 155 150
 182 198 198 196 191 182 181 185 179 170 171 166 163 161 158 146
 184 199 202 200 195 191 187 188 182 176 175 170 165 167 160 153
 230 243 242 244 239 241 236 236 230 232 223 219 207 212 213 195
 241 250 252 249 252 252 251 245 241 236 233 230 221 221 216 202
 246 253 253 252 221 114  99 192 244 241 233 232 227 225 218 207
 247 254 254 236  71  24  27  42 154 238 235 234 231 229 221 210
 250 254 254 186  32  24  24  26  32 121 228 235 232 231 224 214
 250 255 254 174  29  26  27  25  24  30  82 215 233 234 224 213
 249 255 254 209  36  27  23  24  23  24  25  61 207 233 223 217
 249 255 255 249 111  23  24  25  21  24  23  25  48 168 224 216
 249 255 255 246  89  24  23  23  20  22  25  27  68 196 225 219
 250 255 255 206  38  27  24  23  23  24  29  90 212 235 225 218
 250 255 255 188  32  25  24  26  24  28 113 220 236 238 227 221
 250 255 255 215  39  27  25  27  34 163 237 240 237 239 227 220
 249 255 255 249 116  28  28  44 169 244 245 244 237 236 227 223
 250 255 255 255 249 192 155 222 252 252 248 246 239 237 228 223
 249 255 255 255 255 255 254 254 251 251 247 247 238 238 229 221
 250 255 255 255 255 255 255 255 254 253 249 249 242 243 235 226
 233 242 243 244 240 245 238 233 231 229 226 223 212 207 214 195
 243 247 252 251 249 252 250 244 238 234 235 230 225 215 216 199
 249 252 253 253 220 119  98 192 243 238 236 233 225 219 215 202
 249 254 254 230  68  29  27  44 143 236 238 234 230 223 219 206
 251 254 255 177  29  26  21  24  27 120 231 233 230 226 223 210
 251 255 255 163  28  26  24  22  24  30  87 206 230 225 227 210
 251 255 255 196  38  28  21  24  24  24  25  53 206 224 227 216
 252 254 254 243 109  29  24  25  23  22  23  27  54 159 226 215
 250 254 254 241  86  28  21  23  24  21  25  28  73 187 225 216
 252 254 255 195  38  27  22  27  24  23  28  82 211 226 227 213
 252 255 255 171  33  27  22  26  26  28 110 211 234 229 231 216
 252 255 255 205  38  27  26  29  33 161 237 237 235 230 229 216
 251 255 255 246 112  30  27  45 159 235 247 236 234 228 229 220
 251 255 255 255 246 195 152 218 246 242 248 238 236 229 228 222
 250 255 255 255 255 254 251 254 250 242 246 237 233 232 229 218
 251 255 255 255 255 255 254 254 252 244 249 241 238 238 231 223

 132 132 134 138 139 135 141 141 143 141 144 144 150 150 146 153
 146 143 141 142 147 149 152 152 150 152 154 154 155 155 158 160
 140 143 146 150 153 154 155 103 132 157 159 158 156 157 161 167
 144 149 150 152 152 151 131  11  35 144 161 160 158 163 163 165
 149 150 156 155 157 147  28  10  13  55 156 165 164 166 166 170
 153 154 155 159 155  39  11   8  10  12  73 166 170 169 171 175
 158 155 161 160  68   8   8  10   8   9   6 109 164 171 170 176
 160 161 168 101   9   7   7   7  10  12   8  16 124 178 179 182
 164 164 126  13  10   6   7   7   9   8   9  12  23 159 185 188
 167 179  51   5   7  10   7   8   7   8   8  11  10 109 181 187
 172 179  66   9   8   7   9  13  11  10  12  13  11 140 182 191
 168 175 156  37  14  11  16  77  55  20  14  19  80 180 191 195
 172 172 177 165 127 121 147 178 174 144 130 157 183 193 196 200
 173 174 173 180 182 184 182 183 185 190 190 190 191 198 198 202
 171 169 176 182 184 182 184 184 188 185 193 193 191 195 198 199
 159 160 166 171 177 176 172 176 173 177 182 181 181 184 182 184
 195 202 207 210 214 213 217 216 219 218 221 220 223 223 221 226
 213 216 218 221 224 224 223 224 225 225 227 227 227 228 229 235
 212 221 225 229 231 234 233 168 196 235 238 239 236 237 238 243
 207 221 227 231 232 233 207  48  68 212 236 237 237 239 238 242
 219 230 232 234 235 215  61  25  27  90 220 240 244 246 247 249
 223 233 233 235 228  82  25  23  25  29 113 237 245 248 247 249
 232 236 241 238 121  30  24  24  22  24  28 163 244 252 251 253
 230 241 244 154  32  24  23  21  20  23  24  34 169 252 251 254
 236 245 192  42  26  25  24  25  23  23  26  27  44 222 254 255
 236 251  99  27  24  27  23  24  23  24  24  25  28 155 254 255
 241 252 114  24  24  26  27  23  24  27  25  27  28 192 255 255
 239 252 221  71  32  29  36 111  89  38  32  39 116 249 255 255
 244 249 252 236 186 174 209 249 246 206 188 215 249 255 255 255
 242 252 253 254 254 254 254 255 255 255 255 255 255 255 255 255
 243 250 253 254 254 255 255 255 255 255 255 255 255 255 255 255
 230 241 246 247 250 250 249 249 249 250 250 250 249 250 249 250
 195 199 202 206 210 210 216 215 216 213 216 216 220 222 218 223
 214 216 215 219 223 227 227 226 225 227 231 229 229 228 229 231
 207 215 219 223 226 225 224 159 187 226 229 230 228 229 232 238
 212 225 225 230 230 230 206  54  73 211 234 235 234 236 233 238
 223 230 233 234 233 206  53  27  28  82 211 237 236 238 237 241
 226 235 236 238 231  87  25  23  25  28 110 237 247 248 246 249
 229 234 238 236 120  30  24  22  21  23  28 161 235 242 242 244
 231 238 243 143  27  24  24  23  24  24  26  33 159 246 250 252
 233 244 192  44  24  22  24  25  23  27  26  29  45 218 254 254
 238 250  98  27  21  24  21  24  21  22  22  26  27 152 251 254
 245 252 119  29  26  26  28  29  28  27  27  27  30 195 254 255
 240 249 220  68  29  28  38 109  86  38  33  38 112 246 255 255
 244 251 253 230 177 163 196 243 241 195 171 205 246 255 255 255
 243 252 253 254 255 255 255 254 254 255 255 255 255 255 255 255
 242 247 252 254 254 255 255 254 254 254 255 255 255 255 255 255
 233 243 249 249 251 251 251 252 250 252 252 252 251 251 250 251

 153 160 167 165 170 175 176 182 188 187 191 195 200 202 199 184
 146 158 161 163 166 171 170 179 185 181 182 191 196 198 198 182
 150 155 157 163 166 169 171 178 159 109 140 180 193 198 195 184
 150 155 156 158 164 170 164 124  23  10  11  80 183 191 191 181
 144 154 158 160 165 166 109  16  12  11  13  19 157 190 193 181
 144 154 159 161 156  73   6   8   9   8  12  14 130 190 193 182
 141 152 157 144  55  12   9  12   8   8  10  20 144 190 185 177
 143 150 132  35  13  10   8  10   9   7  11  55 174 185 188 173
 141 152 103  11  10   8  10   7   7   8  13  77 178 183 184 176
 141 152 155 131  28  11   8   7   7   7   9  16 147 182 184 172
 135 149 154 151 147  39   8   7   6  10   7  11 121 184 182 176
 139 147 153 152 157 155  68   9  10   7   8  14 127 182 184 177
 138 142 150 152 155 159 160 101  13   5   9  37 165 180 182 171
 134 141 146 150 156 155 161 168 126  51  66 156 177 173 176 166
 132 143 143 149 150 154 155 161 164 179 179 175 172 174 169 160
 132 146 140 144 149 153 158 160 164 167 172 168 172 173 171 159
 226 235 243 242 249 249 253 254 255 255 255 255 255 255 255 250
 221 229 238 238 247 247 251 251 254 254 255 255 255 255 255 249
 223 228 237 239 246 248 252 252 222 155 192 249 255 255 255 250
 223 227 236 237 244 245 244 169  44  28  28 116 249 255 255 249
 220 227 239 237 240 237 163  34  27  25  27  39 215 255 255 250
 221 227 238 236 220 113  28  24  26  24  25  32 188 255 255 250
 218 225 235 212  90  29  24  23  23  24  27  38 206 255 255 250
 219 225 196  68  27  25  22  20  23  23  24  89 246 255 255 249
 216 224 168  48  25  23  24  21  25  24  23 111 249 255 255 249
 217 223 233 207  61  25  24  23  24  23  27  36 209 254 255 249
 213 224 234 233 215  82  30  24  25  27  26  29 174 254 255 250
 214 224 231 232 235 228 121  32  26  24  24  32 186 254 254 250
 210 221 229 231 234 235 238 154  42  27  24  71 236 254 254 247
 207 218 225 227 232 233 241 244 192  99 114 221 252 253 253 246
 202 216 221 221 230 233 236 241 245 251 252 252 249 252 250 241
 195 213 212 207 219 223 232 230 236 236 241 239 244 242 243 230
 223 231 238 238 241 249 244 252 254 254 255 255 255 255 255 251
 218 229 232 233 237 246 242 250 254 251 254 255 255 255 255 250
 222 228 229 236 238 248 242 246 218 152 195 246 255 255 255 251
 220 229 228 234 236 247 235 159  45  27  30 112 246 255 255 251
 216 229 230 235 237 237 161  33  29  26  27  38 205 255 255 252
 216 231 229 234 211 110  28  26  26  22  27  33 171 255 255 252
 213 227 226 211  82  28  23  24  27  22  27  38 195 255 254 252
 216 225 187  73  28  25  21  24  23  21  28  86 241 254 254 250
 215 226 159  54  27  23  22  23  25  24  29 109 243 254 254 252
 216 227 224 206  53  25  24  24  24  21  28  38 196 255 255 251
 210 227 225 230 206  87  30  24  22  24  26  28 163 255 255 251
 210 223 226 230 233 231 120  27  24  21  26  29 177 255 254 251
 206 219 223 230 234 238 236 143  44  27  29  68 230 254 254 249
 202 215 219 225 233 236 238 243 192  98 119 220 253 253 252 249
 199 216 215 225 230 235 234 238 244 250 252 249 251 252 247 243
 195 214 207 212 223 226 229 231 233 238 245 240 244 243 242 233

