 162 247 222 183 200 160 148 153 150 150 140 160 159 169 188 208
 201 254 248 200 200 151 151 153 165 159 155 160 166 166 188 232
 212 254 214 214 182 148 156 156 165 150 153 156 148 158 185 232
 211 243 243 234 176 148 154 150 149 150 140 140 148 138 181 241
 239 239 255 214 169 169 154 140 139 129 120 135 131 138 195 195
 171 255 255 214 149 149 133 140 117 117 120 110 122 155 173 204
 209 255 242 193 193 126 124 120 105 114 111 110 139 139 173 253
 221 255 221 221 174 126  99  99 105 128 128 134 126 149 190 253
 228 248 248 203 143 115 118 118 116 128 131 131 126 136 205 255
 253 253 249 203 161 136 136 152 150 137 129 121 117 136 194 194
 253 255 253 204 164 164 141 152 131 131 129 145 144 154 168 209
 218 255 255 215 215 157 147 142 151 151 147 145 149 149 168 221
 255 255 255 255 204 157 166 163 163 158 153 150 141 147 171 221
 240 255 255 239 206 187 167 167 163 158 151 151 141 185 209 234
 243 255 255 239 198 181 181 158 148 147 173 173 175 185 201 201
 243 235 247 225 178 178 160 158 175 178 178 180 174 179 189 203
 158 255 235 197 214 175 165 168 169 169 160 166 168 179 190 209
 204 255 255 214 214 172 169 168 155 156 157 166 169 169 190 233
 222 255 235 235 203 138 146 146 155 139 147 156 142 155 185 233
 234 255 255 235 173 138 130 132 133 139 127 127 142 137 184 245
 248 248 255 193 146 146 130 118 116 113 109 126 128 137 196 196
 185 255 247 193 129 129 111 118 101 101 109 111 123 156 168 200
 207 252 229 175 175 117 111 106 101 108 110 111 131 131 168 235
 220 252 222 222 169 117  96  96 101 108 112 121 100 128 172 235
 245 255 255 211 146 117  92  92  94 108 101 101 100 123 191 245
 255 255 255 211 140 112 112 111 111 100 111 106 102 123 186 186
 255 255 240 187 133 133 105 111 113 113 111 129 127 142 164 206
 225 255 255 190 190 144 132 124 135 135 130 129 144 144 164 235
 241 255 255 255 198 144 155 146 146 160 154 149 161 163 186 235
 246 255 255 241 203 178 176 176 168 160 174 174 161 190 209 227
 255 255 255 241 212 193 193 186 174 172 185 185 184 190 215 215
 255 251 255 241 203 203 188 186 192 192 192 198 193 196 207 217
 131 231 210 175 186 150 142 138 140 140 134 142 141 150 170 193
 181 238 230 186 186 137 136 138 138 137 137 142 146 146 170 217
 198 238 200 200 168 120 128 128 138 104 117 129 120 136 166 217
 205 232 232 205 148 120  95  93  94 104 104 104 120 112 156 214
 221 221 242 162 113 113  95  91  92  88  88 105 103 112 166 166
 157 237 219 162 102 102  84  91  81  81  88  81  93 126 143 173
 185 223 201 148 148  82  82  81  65  78  79  81 107 107 143 208
 190 223 185 185 131  82  58  58  65  81  87  98  70  97 144 208
 208 220 220 173 109  78  62  62  66  81  69  69  70  95 166 222
 229 229 225 173 109  82  82  79  79  69  83  77  74  95 156 156
 229 229 211 156  99  99  72  79  85  85  83  95  96 110 137 176
 190 229 224 157 157 115 103  96  95  95  94  95 119 119 137 207
 213 251 235 235 169 115 115 103 103 140 131 124 130 130 156 207
 229 255 255 215 172 143 156 156 148 140 145 145 130 170 190 209
 240 251 251 215 191 172 172 165 150 145 164 164 164 170 194 194
 240 232 244 222 190 190 172 165 169 170 170 179 171 174 159 169

 208 232 232 241 195 204 253 253 255 194 209 221 221 234 201 203
 188 188 185 181 195 173 173 190 205 194 168 168 171 209 201 189
 169 166 158 138 138 155 139 149 136 136 154 149 147 185 185 179
 159 166 148 148 131 122 139 126 126 117 144 149 141 141 175 174
 160 160 156 140 135 110 110 134 131 121 145 145 150 151 173 180
 140 155 153 140 120 120 111 128 131 129 129 147 153 151 173 178
 150 159 150 150 129 117 114 128 128 137 131 151 158 158 147 178
 150 165 165 149 139 117 105 105 116 150 131 151 163 163 148 175
 153 153 156 150 140 140 120  99 118 152 152 142 163 167 158 158
 148 151 156 154 154 133 124  99 118 136 141 147 166 167 181 160
 160 151 148 148 169 149 126 126 115 136 164 157 157 187 181 178
 200 200 182 176 169 149 193 174 143 161 164 215 204 206 198 178
 183 200 214 234 214 214 193 221 203 203 204 215 255 239 239 225
 222 248 214 243 255 255 242 221 248 249 253 255 255 255 255 247
 247 254 254 243 239 255 255 255 248 253 255 255 255 255 255 235
 162 201 212 211 239 171 209 221 228 253 253 218 255 240 243 243
 209 233 233 245 196 200 235 235 245 186 206 235 235 227 215 217
 190 190 185 184 196 168 168 172 191 186 164 164 186 209 215 207
 179 169 155 137 137 156 131 128 123 123 142 144 163 190 190 196
 168 169 142 142 128 123 131 100 100 102 127 144 161 161 184 193
 166 166 156 127 126 111 111 121 101 106 129 129 149 174 185 198
 160 157 147 127 109 109 110 112 101 111 111 130 154 174 185 192
 169 156 139 139 113 101 108 108 108 100 113 135 160 160 172 192
 169 155 155 133 116 101 101 101  94 111 113 135 146 168 174 192
 168 168 146 132 118 118 106  96  92 111 111 124 146 176 186 186
 165 169 146 130 130 111 111  96  92 112 105 132 155 176 193 188
 175 172 138 138 146 129 117 117 117 112 133 144 144 178 193 203
 214 214 203 173 146 129 175 169 146 140 133 190 198 203 212 203
 197 214 235 235 193 193 175 222 211 211 187 190 255 241 241 241
 235 255 235 255 255 247 229 222 255 255 240 255 255 255 255 255
 255 255 255 255 248 255 252 252 255 255 255 255 255 255 255 251
 158 204 222 234 248 185 207 220 245 255 255 225 241 246 255 255
 193 217 217 214 166 173 208 208 222 156 176 207 207 209 194 169
 170 170 166 156 166 143 143 144 166 156 137 137 156 190 194 159
 150 146 136 112 112 126 107  97  95  95 110 119 130 170 170 174
 141 146 120 120 103  93 107  70  70  74  96 119 130 130 164 171
 142 142 129 104 105  81  81  98  69  77  95  95 124 145 164 179
 134 137 117 104  88  88  79  87  69  83  83  94 131 145 164 170
 140 137 104 104  88  81  78  81  81  69  85  95 140 140 145 170
 140 138 138  94  92  81  65  65  66  79  85  95 103 148 150 169
 138 138 128  93  91  91  81  58  62  79  79  96 103 156 165 165
 142 136 128  95  95  84  82  58  62  82  72 103 115 156 172 172
 150 137 120 120 113 102  82  82  78  82  99 115 115 143 172 190
 186 186 168 148 113 102 148 131 109 109  99 157 169 172 191 190
 175 186 200 205 162 162 148 185 173 173 156 157 235 215 215 222
 210 230 200 232 242 219 201 185 220 225 211 224 235 255 251 244
 231 238 238 232 221 237 223 223 220 229 229 229 251 255 251 232
 131 181 198 205 221 157 185 190 208 229 229 190 213 229 240 240

 203 189 179 174 180 178 178 175 158 160 178 178 225 247 235 243
 201 201 185 175 173 173 147 148 158 181 181 198 239 255 255 243
 234 209 185 141 151 151 158 163 167 167 187 206 239 255 255 240
 221 171 147 141 150 153 158 163 163 166 157 204 255 255 255 255
 221 168 149 149 145 147 151 151 142 147 157 215 215 255 255 218
 209 168 154 144 145 129 131 131 152 141 164 164 204 253 255 253
 194 194 136 117 121 129 137 150 152 136 136 161 203 249 253 253
 255 205 136 126 131 131 128 116 118 118 115 143 203 248 248 228
 253 190 149 126 134 128 128 105  99  99 126 174 221 221 255 221
 253 173 139 139 110 111 114 105 120 124 126 193 193 242 255 209
 204 173 155 122 110 120 117 117 140 133 149 149 214 255 255 171
 195 195 138 131 135 120 129 139 140 154 169 169 214 255 239 239
 241 181 138 148 140 140 150 149 150 154 148 176 234 243 243 211
 232 185 158 148 156 153 150 165 156 156 148 182 214 214 254 212
 232 188 166 166 160 155 159 165 153 151 151 200 200 248 254 201
 208 188 169 159 160 140 150 150 153 148 160 200 183 222 247 162
 217 207 196 193 198 192 192 192 186 188 203 203 241 255 251 255
 215 215 190 184 185 185 172 174 186 193 193 212 241 255 255 255
 227 209 190 161 174 174 160 168 176 176 178 203 241 255 255 246
 235 186 163 161 149 154 160 146 146 155 144 198 255 255 255 241
 235 164 144 144 129 130 135 135 124 132 144 190 190 255 255 225
 206 164 142 127 129 111 113 113 111 105 133 133 187 240 255 255
 186 186 123 102 106 111 100 111 111 112 112 140 211 255 255 255
 245 191 123 100 101 101 108  94  92  92 117 146 211 255 255 245
 235 172 128 100 121 112 108 101  96  96 117 169 222 222 252 220
 235 168 131 131 111 110 108 101 106 111 117 175 175 229 252 207
 200 168 156 123 111 109 101 101 118 111 129 129 193 247 255 185
 196 196 137 128 126 109 113 116 118 130 146 146 193 255 248 248
 245 184 137 142 127 127 139 133 132 130 138 173 235 255 255 234
 233 185 155 142 156 147 139 155 146 146 138 203 235 235 255 222
 233 190 169 169 166 157 156 155 168 169 172 214 214 255 255 204
 209 190 179 168 166 160 169 169 168 165 175 214 197 235 255 158
 169 159 174 171 179 170 170 169 165 172 190 190 222 244 232 240
 194 194 170 164 164 164 145 150 165 172 172 191 215 251 251 240
 209 190 170 130 145 145 140 148 156 156 143 172 215 255 255 229
 207 156 130 130 124 131 140 103 103 115 115 169 235 235 251 213
 207 137 119 119  95  94  95  95  96 103 115 157 157 224 229 190
 176 137 110  96  95  83  85  85  79  72  99  99 156 211 229 229
 156 156  95  74  77  83  69  79  79  82  82 109 173 225 229 229
 222 166  95  70  69  69  81  66  62  62  78 109 173 220 220 208
 208 144  97  70  98  87  81  65  58  58  82 131 185 185 223 190
 208 143 107 107  81  79  78  65  81  82  82 148 148 201 223 185
 173 143 126  93  81  88  81  81  91  84 102 102 162 219 237 157
 166 166 112 103 105  88  88  92  91  95 113 113 162 242 221 221
 214 156 112 120 104 104 104  94  93  95 120 148 205 232 232 205
 217 166 136 120 129 117 104 138 128 128 120 168 200 200 238 198
 217 170 146 146 142 137 137 138 138 136 137 186 186 230 238 181
 193 170 150 141 142 134 140 140 138 142 150 186 175 210 231 131

 243 243 240 255 218 253 253 228 221 209 171 239 211 212 201 162
 235 255 255 255 255 255 253 248 255 255 255 239 243 254 254 247
 247 255 255 255 255 253 249 248 221 242 255 255 243 214 248 222
 225 239 239 255 215 204 203 203 221 193 214 214 234 214 200 183
 178 198 206 204 215 164 161 143 174 193 149 169 176 182 200 200
 178 181 187 157 157 164 136 115 126 126 149 169 148 148 151 160
 160 181 167 166 147 141 136 118  99 124 133 154 154 156 151 148
 158 158 167 163 142 152 152 118  99 120 140 140 150 156 153 153
 175 148 163 163 151 131 150 116 105 105 117 139 149 165 165 150
 178 147 158 158 151 131 137 128 128 114 117 129 150 150 159 150
 178 173 151 153 147 129 129 131 128 111 120 120 140 153 155 140
 180 173 151 150 145 145 121 131 134 110 110 135 140 156 160 160
 174 175 141 141 149 144 117 126 126 139 122 131 148 148 166 159
 179 185 185 147 149 154 136 136 149 139 155 138 138 158 166 169
 189 201 209 171 168 168 194 205 190 173 173 195 181 185 188 188
 203 201 234 221 221 209 194 255 253 253 204 195 241 232 232 208
 255 255 246 241 225 255 255 245 220 207 185 248 234 222 204 158
 251 255 255 255 255 255 255 255 252 252 255 248 255 255 255 255
 255 255 255 255 255 240 255 255 222 229 247 255 255 235 255 235
 241 241 241 255 190 187 211 211 222 175 193 193 235 235 214 197
 203 212 203 198 190 133 140 146 169 175 129 146 173 203 214 214
 203 193 178 144 144 133 112 117 117 117 129 146 138 138 172 175
 188 193 176 155 132 105 112  92  96 111 111 130 130 146 169 165
 186 186 176 146 124 111 111  92  96 106 118 118 132 146 168 168
 192 174 168 146 135 113 111  94 101 101 101 116 133 155 155 169
 192 172 160 160 135 113 100 108 108 108 101 113 139 139 156 169
 192 185 174 154 130 111 111 101 112 110 109 109 127 147 157 160
 198 185 174 149 129 129 106 101 121 111 111 126 127 156 166 166
 193 184 161 161 144 127 102 100 100 131 123 128 142 142 169 168
 196 190 190 163 144 142 123 123 128 131 156 137 137 155 169 179
 207 215 209 186 164 164 186 191 172 168 168 196 184 185 190 190
 217 215 227 235 235 206 186 245 235 235 200 196 245 233 233 209
 240 240 229 213 190 229 229 208 190 185 157 221 205 198 181 131
 232 251 255 251 229 229 229 220 223 223 237 221 232 238 238 231
 244 251 255 235 224 211 225 220 185 201 219 242 232 200 230 210
 222 215 215 235 157 156 173 173 185 148 162 162 205 200 186 175
 190 191 172 169 157  99 109 109 131 148 102 113 148 168 186 186
 190 172 143 115 115  99  82  78  82  82 102 113 120 120 137 150
 172 172 156 115 103  72  82  62  58  82  84  95  95 128 136 142
 165 165 156 103  96  79  79  62  58  81  91  91  93 128 138 138
 169 150 148 103  95  85  79  66  65  65  81  92  94 138 138 140
 170 145 140 140  95  85  69  81  81  78  81  88 104 104 137 140
 170 164 145 131  94  83  83  69  87  79  88  88 104 117 137 134
 179 164 145 124  95  95  77  69  98  81  81 105 104 129 142 142
 171 164 130 130 119  96  74  70  70 107  93 103 120 120 146 141
 174 170 170 130 119 110  95  95  97 107 126 112 112 136 146 150
 159 194 190 156 137 137 156 166 144 143 143 166 156 166 170 170
 169 194 209 207 207 176 156 222 208 208 173 166 214 217 217 193

