0
0
6.02167e+040
0
0
0
0.000278579
0.000278579
0.000278579
0.000278579
0.000278579
0.000278579
0.000278579
0.000278579
0.000278579
0.000278579
0.000278579
0.000278579
0.000278579
0.000278579
0.000278579
0.000278579
0.000278579
0.000278579
0.000278579
0.000278579
0.000278579
0.000278579
0.000278579
0.000278579
0
0
6.02167e+040
0
0
0
0
0
0
5.7548e+040
0.000105219
0.000105219
0.000105219
0.000105219
0.000105219
0.000105219
0.000105219
0.000105219
0.000105219
0.000105219
0.000105219
0.000105219
0.000105219
0.000105219
0.000105219
0.000105219
0.000105219
0.000105219
0.000105219
0.000105219
0
0
0
0
5.7548e+040
0
0.000278579
0.000278579
0.000278579
0.000278579
0.000278579
0.000278579
0.000278579
0.000278579
0.000278579
0.000278579
0.000278579
0.000278579
0.000278579
0.000278579
0.000278579
0.000278579
0.000278579
0.000278579
0.000278579
0.000278579
0.000278579
0.000278579
0.000278579
0.000278579
