-0.839875
-0.839875
-0.839875
-0.841512
-0.799449
-0.840812
0.193362
0.193362
0.193362
0.193362
0.193362
0.193362
0.193362
0.193362
0.193362
0.193362
0.193362
0.193362
0.193362
0.193362
0.193362
0.193362
0.193362
0.193362
0.193362
0.193362
0.193362
0.193362
0.193362
0.193362
-0.251425
-0.251425
0.797539
-0.251425
-0.251425
-0.168901
-0.251425
-0.251425
-0.168901
0.762193
0.0730328
0.0730328
0.0730328
0.0730328
0.0730328
0.0730328
0.0730328
0.0730328
0.0730328
0.0730328
0.0730328
0.0730328
0.0730328
0.0730328
0.0730328
0.0730328
0.0730328
0.0730328
0.0730328
0.0730328
-0.839875
-0.839875
-0.839875
-0.841512
-0.799449
-0.840812
0.193362
0.193362
0.193362
0.193362
0.193362
0.193362
0.193362
0.193362
0.193362
0.193362
0.193362
0.193362
0.193362
0.193362
0.193362
0.193362
0.193362
0.193362
0.193362
0.193362
0.193362
0.193362
0.193362
0.193362
