[ARCHITECTURE]
controlNeurons 		8
linguisticNeurons 	0
visionNeurons 		0
actionNeurons 		0

[SEQUENCE_0]					
-14.989011	35	5.280643	44.087912	-15.076923	34.824176	6.213863	43.120879
-14.989011	35	5.104818	44.087912	-18.241758	25.153846	14.038039	43.120879
-14.901099	35	5.19273	44.087912	-22.725275	15.571429	18.609467	42.857143
-14.901099	35	4.841082	44.087912	-24.307692	9.505495	22.565511	41.978022
-14.901099	35	5.19273	44.087912	-23.692308	11.703297	17.818259	41.186813
-14.989011	35.087912	4.928994	44.087912	-19.824176	26.208791	3.5765	39.868132

[SEQUENCE_1]							
-15.164835	34.208791	5.983939	43.912088	-14.989011	35	6.038039	43.032967
-17.450549	24.274725	13.896027	41.010989	-14.989011	35	5.950127	43.032967
-20.087912	15.923077	19.08284	40.483516	-14.989011	35	6.213863	43.032967
-22.021978	7.923077	24.005917	40.571429	-14.901099	35.087912	6.477599	43.032967
-21.406593	13.021978	14.599324	40.307692	-14.901099	35	6.829248	43.032967
-19.56044	24.450549	4.225697	40.395604	-14.989011	35	6.741335	43.032967
	
[SEQUENCE_2]					
-15.340659	32.098901	7.742181	41.714286	-16.21978	31.483516	8.147929	39.956044
-18.681319	19.175824	17.060862	32.923077	-17.186813	22.516484	14.91716	34.417582
-22.901099	10.296703	18.907016	31.516484	-20.087912	14.692308	16.411665	34.593407
-25.538462	8.010989	15.038884	36.967033	-22.461538	14.428571	10.961116	41.626374
-35.296703	10.208791	6.071851	56.747253	-31.428571	16.802198	1.642434	60.967033
-34.153846	11	9.060862	47.604396	-31.076923	16.186813	6.301775	52.703297
-30.285714	10.824176	13.983939	34.417582	-26.593407	15.659341	11.928149	39.428571
-26.681319	10.912088	16.269654	28	-22.637363	14.868132	16.060017	32.043956
-24.043956	12.758242	14.599324	26.681319	-20.43956	15.571429	14.741335	29.846154
-19.032967	29.373626	1.060862	30.10989	-15.516484	31.131868	1.202874	33.626374
-17.802198	33.505495	-1.752324	33.978022	-14.901099	34.296703	-1.08284	37.318681
	
[SEQUENCE_3]					
-14.989011	35	5.016906	44.087912	-14.989011	34.912088	6.125951	43.120879
-17.362637	26.120879	11.698225	41.802198	-16.21978	29.021978	15.268808	42.32967
-21.582418	13.989011	18.731192	41.274725	-20.263736	18.296703	19.840237	38.725275
-26.32967	6.692308	18.027895	42.505495	-21.934066	19.43956	10.169907	40.923077
-31.428571	-2.538462	22.775148	46.813187	-16.395604	34.472527	-0.64328	43.032967
-30.637363	1.32967	18.64328	44.43956	-16.21978	29.725275	6.301775	48.835165
-27.912088	15.131868	5.544379	45.054945	-26.769231	12.758242	14.125951	50.417582
-21.142857	25.769231	2.467456	45.934066	-33.098901	1.945055	19.312764	41.010989
-24.747253	11.527473	15.830093	48.747253	-28.263736	16.274725	7.884193	40.483516
-31.516484	-2.362637	21.544379	44.967033	-19.648352	32.626374	0.499577	43.912088
-30.021978	4.934066	13.104818	42.065934	-20.615385	24.538462	10.257819	47.076923
-24.395604	11.879121	11.961961	38.901099	-22.373626	17.505495	15.884193	40.131868
-21.758242	13.813187	12.665258	37.054945	-21.582418	17.681319	15.092984	36.087912
-18.857143	25.681319	1.764159	37.67033	-18.32967	30.516484	2.697379	37.934066
	
[SEQUENCE_4]						
-14.989011	35	5.368555	44.087912	-14.989011	35	6.038039	43.032967
-12.615385	34.472527	6.599324	46.461538	-12.527473	39.923077	8.060017	45.142857
-0.835165	34.648352	15.390533	57.714286	-0.747253	39.835165	15.092984	55.956044
8.21978	35.263736	20.489434	67.56044	8.131868	40.274725	20.455621	66.417582
9.626374	35.263736	24.797126	70.285714	9.450549	40.186813	24.587489	70.285714
9.010989	34.912088	20.137785	70.10989	7.692308	37.197802	21.598478	68.615385
6.637363	24.89011	29.632291	67.736264	6.637363	31.21978	26.609467	68.879121
1.362637	19.527473	28.137785	62.813187	2.505495	27.615385	22.829248	65.010989
-6.10989	14.692308	23.038884	53.846154	-5.934066	21.10989	17.906171	54.549451
-13.318681	11.527473	18.907016	45.846154	-13.494505	16.89011	13.774303	45.67033
-17.89011	9.505495	16.445478	40.131868	-17.89011	14.516484	11.840237	40.483516
-19.032967	8.802198	16.005917	37.318681	-19.384615	13.637363	11.312764	37.67033
-17.89011	9.857143	16.005917	36.43956	-18.505495	14.340659	11.664412	36.43956
-13.142857	17.945055	12.841082	39.516484	-12.615385	23.483516	8.060017	38.725275
-8.571429	29.197802	6.071851	43.208791	-8.395604	32.802198	1.730346	43.120879
-6.901099	32.978022	3.874049	44.263736	-7.516484	33.505495	1.818259	46.373626
	
[SEQUENCE_5]					
-14.989011	35	4.928994	44.087912	-14.989011	35.087912	5.950127	43.032967
-18.945055	26.824176	9.324599	40.21978	-20	25.769231	10.257819	38.813187
-27.208791	13.549451	15.214708	34.065934	-27.824176	15.131868	13.24683	32.483516
-29.142857	11.527473	15.038884	29.758242	-28.879121	12.934066	13.598478	30.549451
-24.483516	15.21978	20.75317	35.208791	-24.747253	15.483516	16.060017	36.087912
-15.956044	22.252747	27.961961	47.164835	-16.747253	20.406593	20.103973	44.879121
-6.901099	30.076923	32.181741	60.263736	-8.131868	26.208791	22.91716	54.725275
-1.714286	33.241758	34.994928	68.087912	-3.296703	27.967033	24.763314	61.406593
-1.802198	35.087912	29.896027	62.285714	-2.769231	30.78022	18.433643	57.010989
-1.802198	41.681319	19.522401	44.879121	-2.857143	36.494505	9.202874	47.428571
-6.901099	42.912088	11.698225	41.978022	-6.285714	38.604396	2.081995	47.428571
-14.197802	39.835165	7.390533	45.582418	-11.824176	37.10989	-1.698225	50.681319
-18.241758	35.527473	7.654269	43.912088	-15.164835	33.769231	-2.049873	49.802198
-19.472527	33.417582	8.797126	40.747253	-17.010989	31.835165	-1.610313	47.956044
-20.703297	32.362637	8.621302	38.637363	-18.505495	30.516484	-2.049873	46.725275
-21.582418	31.483516	8.621302	36.615385	-19.736264	29.197802	-2.489434	43.736264
-22.461538	30.516484	8.621302	33.714286	-20.527473	28.318681	-1.961961	42.241758
-23.956044	27.43956	10.291632	27.56044	-21.142857	24.89011	0.675401	33.626374
	
[SEQUENCE_6]					
-14.989011	35.087912	5.016906	44.175824	-15.076923	35	5.598478	43.208791
-16.659341	24.450549	14.511412	34.505495	-19.032967	23.659341	13.68639	37.758242
-22.021978	11.527473	22.159763	26.417582	-22.549451	13.989011	19.312764	30.10989
-25.274725	7.131868	22.159763	23.164835	-26.153846	10.032967	16.939138	26.681319
-29.582418	9.593407	10.731192	32.307692	-32.307692	9.241758	8.235841	36.791209
-29.494505	19.615385	-2.191885	43.824176	-41.010989	-0.516484	9.378698	37.67033
-28.351648	25.505495	-7.906171	47.252747	-43.296703	-2.978022	13.68639	39.164835
-28	24.89011	-6.851226	47.252747	-41.89011	-1.483516	15.620456	41.978022
-28.087912	14.78022	3.346577	38.10989	-39.868132	3.615385	9.994083	27.472527
-28.703297	7.923077	9.588335	23.164835	-37.054945	5.725275	10.521555	11.296703
-28.879121	6.428571	10.467456	14.989011	-36.527473	6.692308	7.180896	5.406593
-28.791209	17.857143	-3.334742	16.307692	-35.648352	17.153846	-4.86306	11.912088
-28.791209	24.626374	-10.543533	21.230769	-34.945055	23.747253	-12.071851	19.648352
	
[SEQUENCE_7]					
-15.604396	31.923077	7.478445	42.32967	-16.571429	31.307692	8.060017	41.89011
-20.087912	14.78022	20.225697	31.78022	-20.879121	16.978022	18.521555	32.571429
-23.340659	8.802198	22.86306	25.89011	-24.21978	10.208791	20.455621	25.626374
-30.725275	3.43956	18.379544	32.835165	-27.472527	16.274725	5.334742	32.659341
-38.637363	-3.241758	16.357566	41.010989	-28.351648	25.417582	-7.412511	43.032967
-38.901099	-2.802198	16.181741	42.153846	-28.351648	25.857143	-8.115807	44.263736
-37.67033	3.703297	8.97295	30.637363	-29.230769	15.923077	3.224852	39.428571
-34.681319	6.164835	9.500423	11.56044	-29.142857	7.21978	12.191885	18.32967
-34.065934	10.56044	3.874049	7.428571	-28.879121	11.351648	5.24683	15.252747
-33.978022	21.285714	-8.257819	14.373626	-28.703297	23.307692	-10.225697	21.406593
-33.978022	23.835165	-10.80727	19.384615	-28.703297	25.593407	-13.126796	25.362637
