1 0 15.07 0.00 0.00 -32.62 -17.55 -0.00
2 0.03 15.44 0.02 0.01 -32.61 -17.18 -0.03
3 0.06 15.90 0.05 0.01 -32.57 -16.67 -0.05
4 0.09 16.14 0.07 0.02 -32.54 -16.39 -0.07
5 0.12 16.18 0.07 0.02 -32.53 -16.35 -0.07
6 0.15 16.26 0.07 0.02 -32.52 -16.26 -0.08
7 0.18 16.48 0.09 0.03 -32.48 -16.00 -0.09
8 0.21 16.70 0.10 0.03 -32.43 -15.73 -0.10
9 0.24 16.78 0.11 0.03 -32.41 -15.63 -0.11
10 0.27 16.79 0.11 0.03 -32.41 -15.61 -0.11
11 0.3 16.86 0.11 0.03 -32.39 -15.53 -0.12
12 0.33 16.99 0.12 0.04 -32.35 -15.37 -0.12
13 0.36 17.08 0.12 0.04 -32.33 -15.24 -0.13
14 0.39 17.11 0.13 0.04 -32.32 -15.21 -0.13
15 0.42 17.12 0.13 0.04 -32.31 -15.19 -0.13
16 0.45 17.17 0.13 0.04 -32.30 -15.13 -0.14
17 0.48 17.23 0.14 0.04 -32.28 -15.04 -0.14
18 0.51 17.27 0.14 0.04 -32.26 -14.99 -0.14
19 0.54 17.28 0.14 0.04 -32.26 -14.98 -0.15
20 0.57 17.29 0.14 0.04 -32.26 -14.96 -0.15
21 0.6 17.32 0.14 0.04 -32.24 -14.92 -0.15
22 0.63 17.36 0.15 0.05 -32.23 -14.88 -0.15
23 0.66 17.37 0.15 0.05 -32.23 -14.86 -0.15
24 0.69 17.38 0.15 0.05 -32.23 -14.85 -0.15
25 0.72 17.39 0.15 0.05 -32.22 -14.84 -0.16
26 0.75 17.40 0.15 0.05 -32.22 -14.81 -0.16
27 0.78 17.42 0.15 0.05 -32.21 -14.79 -0.16
28 0.81 17.42 0.15 0.05 -32.21 -14.78 -0.16
29 0.84 17.43 0.15 0.05 -32.21 -14.78 -0.16
30 0.87 17.43 0.16 0.05 -32.20 -14.77 -0.16
31 0.9 17.44 0.16 0.05 -32.20 -14.76 -0.17
32 0.93 17.45 0.16 0.05 -32.20 -14.75 -0.17
33 0.96 17.45 0.16 0.05 -32.20 -14.75 -0.17
34 0.99 17.45 0.16 0.05 -32.20 -14.74 -0.17
35 1.02 17.46 0.17 0.05 -32.20 -14.74 -0.17
36 1.05 17.46 0.17 0.05 -32.19 -14.73 -0.18
37 1.08 17.47 0.17 0.05 -32.19 -14.73 -0.18
38 1.11 17.47 0.18 0.06 -32.19 -14.72 -0.18
39 1.14 17.47 0.18 0.06 -32.19 -14.72 -0.19
40 1.17 17.47 0.19 0.06 -32.19 -14.72 -0.19
41 1.2 17.47 0.19 0.06 -32.19 -14.71 -0.20
42 1.23 17.47 0.20 0.06 -32.19 -14.71 -0.21
43 1.26 17.48 0.20 0.06 -32.19 -14.71 -0.21
44 1.29 17.48 0.21 0.07 -32.19 -14.71 -0.22
45 1.32 17.48 0.22 0.07 -32.19 -14.71 -0.23
46 1.35 17.48 0.23 0.07 -32.19 -14.71 -0.25
47 1.38 17.48 0.25 0.08 -32.19 -14.71 -0.26
48 1.41 17.48 0.26 0.08 -32.18 -14.71 -0.27
49 1.44 17.48 0.28 0.09 -32.18 -14.71 -0.29
50 1.47 17.48 0.30 0.09 -32.18 -14.71 -0.31
51 1.5 17.48 0.32 0.10 -32.18 -14.71 -0.34
52 1.53 17.48 0.35 0.11 -32.18 -14.71 -0.36
53 1.56 17.47 0.37 0.12 -32.18 -14.71 -0.39
54 1.59 17.47 0.41 0.13 -32.18 -14.71 -0.43
55 1.62 17.47 0.45 0.14 -32.18 -14.71 -0.47
56 1.65 17.47 0.49 0.15 -32.18 -14.71 -0.51
57 1.68 17.46 0.54 0.17 -32.17 -14.71 -0.57
58 1.71 17.46 0.60 0.19 -32.17 -14.71 -0.63
59 1.74 17.45 0.67 0.21 -32.16 -14.71 -0.70
60 1.77 17.45 0.74 0.23 -32.16 -14.71 -0.78
61 1.8 17.44 0.83 0.26 -32.15 -14.71 -0.87
62 1.83 17.43 0.93 0.29 -32.14 -14.71 -0.97
63 1.86 17.42 1.04 0.33 -32.13 -14.72 -1.09
64 1.89 17.40 1.18 0.37 -32.11 -14.72 -1.23
65 1.92 17.38 1.33 0.42 -32.09 -14.72 -1.39
66 1.95 17.35 1.50 0.47 -32.06 -14.71 -1.58
67 1.98 17.41 1.70 0.53 -32.19 -14.79 -1.79
68 2.01 18.53 1.92 0.64 -34.33 -15.82 -2.03
69 2.04 20.56 2.16 0.81 -38.11 -17.57 -2.30
70 2.07 23.01 2.39 1.01 -42.51 -19.53 -2.59
71 2.1 25.53 2.61 1.25 -46.82 -21.32 -2.89
72 2.13 27.89 2.81 1.49 -50.57 -22.72 -3.18
73 2.16 29.85 2.98 1.71 -53.39 -23.58 -3.44
74 2.19 31.25 3.13 1.90 -54.97 -23.78 -3.66
75 2.22 31.86 3.24 2.01 -54.96 -23.16 -3.81
76 2.25 31.62 3.31 2.04 -53.28 -21.72 -3.89
77 2.28 30.64 3.34 1.97 -50.24 -19.66 -3.88
78 2.31 29.06 3.30 1.83 -46.20 -17.19 -3.78
79 2.34 27.03 3.19 1.63 -41.50 -14.51 -3.58
80 2.37 24.77 2.98 1.37 -36.60 -11.86 -3.28
81 2.4 22.61 2.64 1.10 -32.21 -9.63 -2.86
82 2.43 21.03 2.15 0.83 -29.41 -8.40 -2.30
83 2.46 20.55 1.48 0.55 -29.29 -8.75 -1.58
84 2.49 20.32 0.64 0.24 -29.87 -9.56 -0.69
85 2.52 20.00 -0.30 -0.11 -30.33 -10.33 0.32
86 2.55 19.60 -1.29 -0.46 -30.61 -11.02 1.37
87 2.58 19.15 -2.23 -0.77 -30.73 -11.60 2.36
88 2.61 18.67 -3.06 -1.03 -30.71 -12.07 3.23
89 2.64 18.22 -3.74 -1.23 -30.62 -12.44 3.94
90 2.67 17.82 -4.27 -1.37 -30.50 -12.73 4.48
91 2.7 17.50 -4.65 -1.46 -30.39 -12.95 4.88
92 2.73 17.23 -4.90 -1.52 -30.33 -13.17 5.13
93 2.76 17.01 -5.04 -1.54 -30.34 -13.40 5.27
94 2.79 16.80 -5.06 -1.52 -30.42 -13.69 5.28
95 2.82 16.58 -4.98 -1.48 -30.57 -14.06 5.19
96 2.85 16.35 -4.79 -1.40 -30.80 -14.51 4.99
97 2.88 16.09 -4.49 -1.29 -31.09 -15.05 4.67
98 2.91 15.79 -4.07 -1.15 -31.42 -15.67 4.23
99 2.94 15.43 -3.52 -0.97 -31.77 -16.37 3.65
100 2.97 14.99 -2.80 -0.75 -32.11 -17.14 2.90
101 3 14.46 -1.91 -0.49 -32.38 -17.93 1.97
102 3.03 13.81 -0.89 -0.22 -32.50 -18.69 0.91
103 3.06 13.05 0.17 0.04 -32.42 -19.36 -0.18
104 3.09 12.51 1.14 0.25 -32.59 -20.08 -1.16
105 3.12 15.06 1.91 0.51 -37.54 -22.49 -1.97
106 3.15 19.69 2.44 0.87 -44.85 -25.18 -2.59
107 3.18 24.77 2.74 1.26 -51.36 -26.63 -3.01
108 3.21 29.17 2.83 1.58 -55.21 -26.08 -3.24
109 3.24 31.84 2.77 1.72 -54.94 -23.14 -3.26
110 3.27 32.10 2.61 1.63 -50.16 -18.10 -3.08
111 3.3 30.23 2.34 1.36 -42.17 -11.97 -2.70
112 3.33 26.80 1.94 0.98 -32.56 -5.78 -2.17
113 3.36 23.17 1.38 0.59 -24.49 -1.32 -1.50
114 3.39 22.12 0.62 0.25 -24.05 -1.93 -0.67
115 3.42 21.87 -0.30 -0.12 -26.00 -4.14 0.32
116 3.45 21.38 -1.29 -0.50 -27.51 -6.13 1.38
117 3.48 20.74 -2.22 -0.84 -28.54 -7.81 2.38
118 3.51 20.07 -3.00 -1.09 -29.19 -9.14 3.19
119 3.54 19.45 -3.58 -1.26 -29.59 -10.18 3.80
120 3.57 18.89 -4.00 -1.37 -29.86 -11.02 4.22
121 3.6 18.40 -4.28 -1.42 -30.07 -11.73 4.51
122 3.63 17.95 -4.45 -1.44 -30.28 -12.38 4.67
123 3.66 17.51 -4.49 -1.42 -30.51 -13.05 4.71
124 3.69 17.07 -4.41 -1.35 -30.80 -13.78 4.61
125 3.72 16.59 -4.20 -1.25 -31.13 -14.58 4.39
126 3.75 16.06 -3.89 -1.12 -31.48 -15.46 4.04
127 3.78 15.42 -3.45 -0.95 -31.81 -16.42 3.58
128 3.81 14.66 -2.86 -0.75 -32.09 -17.45 2.95
129 3.84 13.73 -2.09 -0.51 -32.27 -18.55 2.15
130 3.87 12.59 -1.13 -0.25 -32.24 -19.65 1.15
131 3.9 11.24 -0.01 -0.00 -31.91 -20.66 0.01
132 3.93 9.72 1.15 0.20 -31.22 -21.50 -1.17
133 3.96 8.31 2.25 0.33 -30.49 -22.19 -2.27
134 3.99 9.04 3.18 0.51 -32.91 -23.88 -3.22
135 4.02 11.77 3.91 0.81 -37.92 -26.18 -4.00
136 4.05 15.56 4.45 1.24 -43.72 -28.20 -4.62
137 4.08 19.75 4.81 1.73 -49.04 -29.36 -5.11
138 4.11 23.84 5.02 2.21 -53.11 -29.37 -5.48
139 4.14 27.37 5.06 2.61 -55.32 -28.06 -5.69
140 4.17 29.89 4.95 2.84 -55.12 -25.35 -5.71
141 4.2 31.10 4.74 2.86 -52.37 -21.39 -5.54
142 4.23 31.01 4.47 2.68 -47.55 -16.64 -5.21
143 4.26 29.74 4.14 2.36 -41.19 -11.53 -4.76
144 4.29 27.50 3.71 1.93 -33.96 -6.52 -4.19
145 4.32 24.76 3.16 1.46 -27.00 -2.28 -3.48
146 4.35 22.52 2.43 1.01 -22.60 -0.10 -2.63
147 4.38 22.06 1.51 0.61 -23.59 -1.53 -1.63
148 4.41 21.91 0.46 0.18 -25.76 -3.85 -0.49
149 4.44 21.49 -0.64 -0.25 -27.41 -5.92 0.69
150 4.47 20.90 -1.67 -0.64 -28.54 -7.65 1.79
151 4.5 20.25 -2.54 -0.94 -29.24 -9.01 2.70
152 4.53 19.63 -3.21 -1.14 -29.65 -10.05 3.41
153 4.56 19.07 -3.70 -1.28 -29.91 -10.88 3.92
154 4.59 18.58 -4.06 -1.36 -30.10 -11.56 4.28
155 4.62 18.13 -4.30 -1.41 -30.27 -12.19 4.52
156 4.65 17.69 -4.42 -1.41 -30.47 -12.83 4.64
157 4.68 17.25 -4.41 -1.37 -30.72 -13.52 4.61
158 4.71 16.78 -4.27 -1.29 -31.02 -14.28 4.46
159 4.74 16.26 -4.03 -1.17 -31.34 -15.12 4.19
160 4.77 15.66 -3.67 -1.03 -31.67 -16.04 3.81
161 4.8 14.94 -3.16 -0.84 -31.97 -17.05 3.27
162 4.83 14.08 -2.48 -0.62 -32.19 -18.13 2.56
163 4.86 13.04 -1.63 -0.38 -32.26 -19.22 1.67
164 4.89 11.81 -0.61 -0.13 -32.07 -20.27 0.62
165 4.92 10.39 0.50 0.09 -31.57 -21.18 -0.50
166 4.95 8.84 1.60 0.25 -30.73 -21.88 -1.62
167 4.98 7.48 2.59 0.34 -29.96 -22.49 -2.61
168 5.01 8.62 3.41 0.52 -32.94 -24.34 -3.45
169 5.04 11.92 4.04 0.85 -38.73 -26.84 -4.13
170 5.07 16.25 4.49 1.31 -45.07 -28.87 -4.68
171 5.1 20.86 4.76 1.81 -50.58 -29.80 -5.09
172 5.13 25.17 4.85 2.28 -54.36 -29.29 -5.36
173 5.16 28.61 4.78 2.60 -55.70 -27.20 -5.44
174 5.19 30.64 4.58 2.71 -54.04 -23.51 -5.32
175 5.22 31.13 4.30 2.60 -49.70 -18.66 -5.03
176 5.25 30.20 3.97 2.30 -43.33 -13.21 -4.59
177 5.28 28.05 3.55 1.89 -35.68 -7.68 -4.02
178 5.31 25.16 3.01 1.41 -27.94 -2.82 -3.33
179 5.34 22.63 2.30 0.96 -22.67 -0.06 -2.50
180 5.37 22.09 1.40 0.57 -23.42 -1.34 -1.51
181 5.4 21.94 0.35 0.14 -25.60 -3.66 -0.38
182 5.43 21.53 -0.74 -0.29 -27.25 -5.72 0.79
183 5.46 20.95 -1.76 -0.67 -28.38 -7.44 1.88
184 5.49 20.31 -2.62 -0.97 -29.08 -8.80 2.79
185 5.52 19.70 -3.29 -1.18 -29.50 -9.84 3.49
186 5.55 19.15 -3.78 -1.31 -29.76 -10.66 4.00
187 5.58 18.67 -4.14 -1.40 -29.95 -11.33 4.37
188 5.61 18.23 -4.38 -1.44 -30.12 -11.94 4.61
189 5.64 17.82 -4.50 -1.45 -30.31 -12.55 4.73
190 5.67 17.43 -4.49 -1.41 -30.56 -13.19 4.71
191 5.7 17.03 -4.35 -1.33 -30.86 -13.88 4.55
192 5.73 16.59 -4.10 -1.22 -31.20 -14.65 4.28
193 5.76 16.10 -3.74 -1.08 -31.55 -15.49 3.89
194 5.79 15.51 -3.24 -0.90 -31.90 -16.41 3.36
195 5.82 14.80 -2.58 -0.68 -32.19 -17.41 2.67
196 5.85 13.93 -1.73 -0.43 -32.38 -18.45 1.78
197 5.88 12.86 -0.69 -0.16 -32.35 -19.49 0.71
198 5.91 11.58 0.51 0.10 -32.01 -20.43 -0.52
199 5.94 10.13 1.77 0.32 -31.30 -21.18 -1.80
200 5.97 8.70 2.99 0.46 -30.41 -21.73 -3.02
201 6 8.31 4.05 0.59 -31.03 -22.74 -4.09
202 6.03 9.10 4.93 0.79 -33.34 -24.28 -4.99
203 6.06 10.73 5.66 1.07 -36.71 -26.03 -5.76
204 6.09 12.90 6.27 1.43 -40.55 -27.73 -6.43
205 6.12 15.34 6.78 1.85 -44.38 -29.16 -7.02
206 6.15 17.87 7.17 2.30 -47.91 -30.18 -7.53
207 6.18 20.36 7.43 2.75 -50.89 -30.71 -7.92
208 6.21 22.67 7.58 3.15 -53.12 -30.66 -8.20
209 6.24 24.66 7.62 3.48 -54.41 -29.98 -8.38
210 6.27 26.16 7.58 3.71 -54.55 -28.63 -8.43
211 6.3 27.10 7.46 3.80 -53.49 -26.64 -8.36
212 6.33 27.49 7.26 3.76 -51.41 -24.16 -8.17
213 6.36 27.37 7.00 3.61 -48.50 -21.35 -7.88
214 6.39 26.77 6.69 3.36 -44.92 -18.35 -7.49
215 6.42 25.77 6.32 3.04 -40.90 -15.30 -7.01
216 6.45 24.46 5.87 2.66 -36.70 -12.37 -6.45
217 6.48 23.02 5.32 2.26 -32.71 -9.79 -5.78
218 6.51 21.70 4.66 1.85 -29.51 -7.89 -5.01
219 6.54 20.81 3.86 1.47 -27.86 -7.10 -4.13
220 6.57 20.61 2.91 1.09 -28.30 -7.72 -3.11
221 6.6 20.52 1.82 0.68 -29.19 -8.68 -1.94
222 6.63 20.32 0.65 0.24 -29.87 -9.55 -0.69
223 6.66 20.01 -0.55 -0.20 -30.30 -10.29 0.59
224 6.69 19.61 -1.69 -0.60 -30.48 -10.88 1.80
225 6.72 19.17 -2.72 -0.94 -30.46 -11.31 2.88
226 6.75 18.74 -3.59 -1.22 -30.31 -11.61 3.79
227 6.78 18.35 -4.31 -1.43 -30.08 -11.78 4.54
228 6.81 18.02 -4.89 -1.59 -29.83 -11.88 5.15
229 6.84 17.75 -5.35 -1.71 -29.59 -11.92 5.62
230 6.87 17.53 -5.71 -1.80 -29.38 -11.94 5.98
231 6.9 17.35 -5.96 -1.86 -29.22 -11.97 6.24
232 6.93 17.23 -6.11 -1.89 -29.14 -12.01 6.39
233 6.96 17.14 -6.17 -1.90 -29.13 -12.09 6.45
234 6.99 17.10 -6.13 -1.88 -29.20 -12.20 6.41
235 7.02 17.08 -6.01 -1.84 -29.34 -12.36 6.29
236 7.05 17.10 -5.80 -1.78 -29.56 -12.56 6.06
237 7.08 17.14 -5.48 -1.69 -29.86 -12.80 5.73
238 7.11 17.21 -5.06 -1.56 -30.21 -13.08 5.29
239 7.14 17.29 -4.51 -1.40 -30.62 -13.38 4.73
240 7.17 17.39 -3.84 -1.20 -31.04 -13.69 4.02
241 7.2 17.50 -3.01 -0.95 -31.46 -13.99 3.16
242 7.23 17.59 -2.02 -0.64 -31.82 -14.24 2.12
243 7.26 17.65 -0.88 -0.28 -32.06 -14.41 0.93
244 7.29 17.64 0.33 0.10 -32.12 -14.47 -0.35
245 7.32 17.56 1.54 0.49 -31.97 -14.42 -1.61
