1 0 15.07 -0.00 -0.00 -32.62 -17.55 0.00
2 0.03 15.44 -0.02 -0.01 -32.61 -17.18 0.03
3 0.06 15.90 -0.05 -0.01 -32.57 -16.67 0.05
4 0.09 16.14 -0.07 -0.02 -32.54 -16.39 0.07
5 0.12 16.18 -0.07 -0.02 -32.53 -16.35 0.07
6 0.15 16.26 -0.07 -0.02 -32.52 -16.26 0.08
7 0.18 16.48 -0.09 -0.03 -32.48 -16.00 0.09
8 0.21 16.70 -0.10 -0.03 -32.43 -15.73 0.10
9 0.24 16.78 -0.11 -0.03 -32.41 -15.63 0.11
10 0.27 16.79 -0.11 -0.03 -32.41 -15.61 0.11
11 0.3 16.86 -0.11 -0.03 -32.39 -15.53 0.12
12 0.33 16.99 -0.12 -0.04 -32.35 -15.37 0.12
13 0.36 17.08 -0.12 -0.04 -32.33 -15.24 0.13
14 0.39 17.11 -0.13 -0.04 -32.32 -15.21 0.13
15 0.42 17.12 -0.13 -0.04 -32.31 -15.19 0.13
16 0.45 17.17 -0.13 -0.04 -32.30 -15.13 0.14
17 0.48 17.23 -0.14 -0.04 -32.28 -15.04 0.14
18 0.51 17.27 -0.14 -0.04 -32.26 -14.99 0.14
19 0.54 17.28 -0.14 -0.04 -32.26 -14.98 0.15
20 0.57 17.29 -0.14 -0.04 -32.26 -14.96 0.15
21 0.6 17.32 -0.14 -0.04 -32.24 -14.92 0.15
22 0.63 17.36 -0.15 -0.05 -32.23 -14.88 0.15
23 0.66 17.37 -0.15 -0.05 -32.23 -14.86 0.15
24 0.69 17.38 -0.15 -0.05 -32.23 -14.85 0.15
25 0.72 17.39 -0.15 -0.05 -32.22 -14.84 0.16
26 0.75 17.40 -0.15 -0.05 -32.22 -14.81 0.16
27 0.78 17.42 -0.15 -0.05 -32.21 -14.79 0.16
28 0.81 17.42 -0.15 -0.05 -32.21 -14.78 0.16
29 0.84 17.43 -0.15 -0.05 -32.21 -14.78 0.16
30 0.87 17.43 -0.16 -0.05 -32.20 -14.77 0.16
31 0.9 17.44 -0.16 -0.05 -32.20 -14.76 0.17
32 0.93 17.45 -0.16 -0.05 -32.20 -14.75 0.17
33 0.96 17.45 -0.16 -0.05 -32.20 -14.75 0.17
34 0.99 17.45 -0.16 -0.05 -32.20 -14.74 0.17
35 1.02 17.46 -0.17 -0.05 -32.20 -14.74 0.17
36 1.05 17.46 -0.17 -0.05 -32.19 -14.73 0.18
37 1.08 17.47 -0.17 -0.05 -32.19 -14.73 0.18
38 1.11 17.47 -0.18 -0.06 -32.19 -14.72 0.18
39 1.14 17.47 -0.18 -0.06 -32.19 -14.72 0.19
40 1.17 17.47 -0.19 -0.06 -32.19 -14.72 0.19
41 1.2 17.47 -0.19 -0.06 -32.19 -14.71 0.20
42 1.23 17.47 -0.20 -0.06 -32.19 -14.71 0.21
43 1.26 17.48 -0.20 -0.06 -32.19 -14.71 0.21
44 1.29 17.48 -0.21 -0.07 -32.19 -14.71 0.22
45 1.32 17.48 -0.22 -0.07 -32.19 -14.71 0.23
46 1.35 17.48 -0.23 -0.07 -32.19 -14.71 0.25
47 1.38 17.48 -0.25 -0.08 -32.19 -14.71 0.26
48 1.41 17.48 -0.26 -0.08 -32.18 -14.71 0.27
49 1.44 17.48 -0.28 -0.09 -32.18 -14.71 0.29
50 1.47 17.48 -0.30 -0.09 -32.18 -14.71 0.31
51 1.5 17.48 -0.32 -0.10 -32.18 -14.71 0.34
52 1.53 17.48 -0.35 -0.11 -32.18 -14.71 0.36
53 1.56 17.47 -0.37 -0.12 -32.18 -14.71 0.39
54 1.59 17.47 -0.41 -0.13 -32.18 -14.71 0.43
55 1.62 17.47 -0.45 -0.14 -32.18 -14.71 0.47
56 1.65 17.47 -0.49 -0.15 -32.18 -14.71 0.51
57 1.68 17.46 -0.54 -0.17 -32.17 -14.71 0.57
58 1.71 17.46 -0.60 -0.19 -32.17 -14.71 0.63
59 1.74 17.45 -0.67 -0.21 -32.16 -14.71 0.70
60 1.77 17.45 -0.74 -0.23 -32.16 -14.71 0.78
61 1.8 17.44 -0.83 -0.26 -32.15 -14.71 0.87
62 1.83 17.43 -0.93 -0.29 -32.14 -14.71 0.97
63 1.86 17.42 -1.04 -0.33 -32.13 -14.72 1.09
64 1.89 17.40 -1.18 -0.37 -32.11 -14.72 1.23
65 1.92 17.38 -1.33 -0.42 -32.09 -14.72 1.39
66 1.95 17.35 -1.50 -0.47 -32.06 -14.71 1.58
67 1.98 17.33 -1.70 -0.53 -32.02 -14.71 1.78
68 2.01 17.30 -1.93 -0.60 -31.97 -14.69 2.02
69 2.04 17.27 -2.16 -0.67 -31.91 -14.65 2.26
70 2.07 17.25 -2.40 -0.74 -31.83 -14.59 2.51
71 2.1 17.23 -2.63 -0.82 -31.74 -14.53 2.75
72 2.13 17.20 -2.85 -0.88 -31.66 -14.48 2.98
73 2.16 17.16 -3.04 -0.94 -31.59 -14.45 3.18
74 2.19 17.10 -3.21 -0.99 -31.53 -14.46 3.36
75 2.22 17.01 -3.34 -1.02 -31.50 -14.52 3.50
76 2.25 16.89 -3.43 -1.04 -31.49 -14.63 3.59
77 2.28 16.75 -3.47 -1.04 -31.52 -14.80 3.62
78 2.31 16.57 -3.43 -1.02 -31.59 -15.05 3.58
79 2.34 16.37 -3.31 -0.97 -31.71 -15.37 3.45
80 2.37 16.13 -3.09 -0.89 -31.87 -15.76 3.21
81 2.4 15.87 -2.73 -0.78 -32.06 -16.22 2.84
82 2.43 15.55 -2.21 -0.62 -32.27 -16.73 2.30
83 2.46 15.18 -1.52 -0.41 -32.47 -17.30 1.58
84 2.49 14.73 -0.66 -0.17 -32.59 -17.86 0.69
85 2.52 14.19 0.31 0.08 -32.58 -18.39 -0.32
86 2.55 13.58 1.33 0.32 -32.41 -18.83 -1.37
87 2.58 12.92 2.30 0.53 -32.08 -19.17 -2.36
88 2.61 12.40 3.16 0.69 -31.92 -19.54 -3.24
89 2.64 13.70 3.86 0.94 -34.87 -21.21 -3.97
90 2.67 16.47 4.41 1.30 -40.05 -23.63 -4.59
91 2.7 19.84 4.80 1.73 -45.69 -25.92 -5.10
92 2.73 23.22 5.03 2.15 -50.65 -27.52 -5.47
93 2.76 26.17 5.12 2.51 -54.18 -28.12 -5.70
94 2.79 28.28 5.08 2.73 -55.64 -27.49 -5.76
95 2.82 29.14 4.93 2.74 -54.50 -25.48 -5.64
96 2.85 28.79 4.69 2.57 -51.09 -22.40 -5.35
97 2.88 27.42 4.37 2.26 -46.04 -18.71 -4.92
98 2.91 25.30 3.95 1.86 -40.07 -14.84 -4.36
99 2.94 22.84 3.41 1.43 -34.18 -11.39 -3.70
100 2.97 20.80 2.72 1.03 -30.09 -9.31 -2.91
101 3 20.11 1.85 0.68 -29.80 -9.71 -1.97
102 3.03 19.76 0.86 0.31 -30.55 -10.79 -0.91
103 3.06 19.29 -0.17 -0.06 -31.08 -11.79 0.18
104 3.09 18.75 -1.10 -0.37 -31.40 -12.65 1.16
105 3.12 18.21 -1.85 -0.61 -31.56 -13.36 1.95
106 3.15 17.71 -2.38 -0.76 -31.64 -13.95 2.49
107 3.18 17.26 -2.70 -0.84 -31.71 -14.47 2.82
108 3.21 16.83 -2.85 -0.86 -31.79 -14.99 2.98
109 3.24 16.38 -2.87 -0.84 -31.91 -15.55 3.00
110 3.27 15.85 -2.76 -0.78 -32.05 -16.23 2.86
111 3.3 15.20 -2.49 -0.68 -32.21 -17.03 2.58
112 3.33 14.41 -2.06 -0.53 -32.34 -17.93 2.13
113 3.36 13.45 -1.46 -0.35 -32.36 -18.92 1.50
114 3.39 12.28 -0.66 -0.14 -32.21 -19.93 0.67
115 3.42 10.90 0.32 0.06 -31.78 -20.88 -0.32
116 3.45 9.35 1.37 0.22 -31.01 -21.67 -1.38
117 3.48 7.95 2.35 0.33 -30.29 -22.35 -2.38
118 3.51 9.02 3.18 0.50 -33.24 -24.23 -3.22
119 3.54 12.26 3.80 0.83 -38.96 -26.73 -3.89
120 3.57 16.55 4.23 1.26 -45.26 -28.76 -4.41
121 3.6 21.11 4.48 1.73 -50.72 -29.68 -4.81
122 3.63 25.37 4.57 2.17 -54.46 -29.18 -5.06
123 3.66 28.78 4.51 2.47 -55.78 -27.10 -5.14
124 3.69 30.78 4.31 2.56 -54.10 -23.42 -5.01
125 3.72 31.25 4.02 2.44 -49.75 -18.58 -4.70
126 3.75 30.30 3.68 2.15 -43.37 -13.14 -4.26
127 3.78 28.14 3.25 1.74 -35.72 -7.63 -3.69
128 3.81 25.23 2.71 1.28 -27.99 -2.79 -2.99
129 3.84 22.69 1.99 0.83 -22.72 -0.04 -2.15
130 3.87 22.12 1.07 0.43 -23.44 -1.32 -1.15
131 3.9 21.95 0.01 0.01 -25.58 -3.63 -0.01
132 3.93 21.51 -1.08 -0.43 -27.19 -5.68 1.17
133 3.96 20.90 -2.12 -0.81 -28.28 -7.39 2.27
134 3.99 20.23 -3.00 -1.10 -28.94 -8.74 3.19
135 4.02 19.59 -3.68 -1.31 -29.32 -9.77 3.91
136 4.05 19.02 -4.20 -1.45 -29.55 -10.59 4.44
137 4.08 18.51 -4.57 -1.53 -29.71 -11.27 4.82
138 4.11 18.05 -4.84 -1.57 -29.86 -11.88 5.09
139 4.14 17.61 -4.99 -1.58 -30.03 -12.49 5.23
140 4.17 17.19 -5.00 -1.55 -30.27 -13.14 5.24
141 4.2 16.76 -4.90 -1.47 -30.56 -13.86 5.12
142 4.23 16.30 -4.69 -1.37 -30.89 -14.64 4.89
143 4.26 15.77 -4.38 -1.24 -31.24 -15.51 4.55
144 4.29 15.15 -3.93 -1.06 -31.59 -16.47 4.07
145 4.32 14.41 -3.33 -0.85 -31.90 -17.52 3.44
146 4.35 13.51 -2.55 -0.61 -32.11 -18.62 2.62
147 4.38 12.40 -1.59 -0.35 -32.12 -19.72 1.63
148 4.41 11.08 -0.48 -0.09 -31.84 -20.76 0.49
149 4.44 9.59 0.68 0.11 -31.20 -21.61 -0.69
150 4.47 8.23 1.77 0.26 -30.57 -22.34 -1.79
151 4.5 9.30 2.69 0.44 -33.53 -24.23 -2.73
152 4.53 12.52 3.41 0.76 -39.20 -26.70 -3.49
153 4.56 16.79 3.92 1.18 -45.43 -28.68 -4.10
154 4.59 21.34 4.25 1.66 -50.84 -29.56 -4.56
155 4.62 25.59 4.42 2.11 -54.51 -29.00 -4.90
156 4.65 28.98 4.43 2.45 -55.76 -26.87 -5.06
157 4.68 30.97 4.30 2.58 -54.00 -23.13 -5.01
158 4.71 31.42 4.08 2.49 -49.55 -18.22 -4.78
159 4.74 30.43 3.81 2.23 -43.06 -12.70 -4.41
160 4.77 28.21 3.46 1.86 -35.24 -7.08 -3.93
161 4.8 25.23 3.00 1.41 -27.26 -2.07 -3.32
162 4.83 22.61 2.37 0.99 -21.73 0.86 -2.57
163 4.86 22.10 1.55 0.63 -22.47 -0.38 -1.67
164 4.89 22.05 0.58 0.23 -24.77 -2.72 -0.62
165 4.92 21.73 -0.47 -0.19 -26.59 -4.86 0.50
166 4.95 21.20 -1.51 -0.58 -27.91 -6.72 1.62
167 4.98 20.54 -2.44 -0.92 -28.79 -8.26 2.61
168 5.01 19.87 -3.21 -1.16 -29.32 -9.49 3.42
169 5.04 19.24 -3.81 -1.33 -29.64 -10.45 4.03
170 5.07 18.68 -4.24 -1.43 -29.85 -11.22 4.48
171 5.1 18.19 -4.54 -1.49 -30.01 -11.88 4.78
172 5.13 17.75 -4.72 -1.51 -30.18 -12.49 4.95
173 5.16 17.33 -4.76 -1.48 -30.40 -13.13 4.99
174 5.19 16.90 -4.69 -1.42 -30.67 -13.83 4.90
175 5.22 16.43 -4.50 -1.32 -30.99 -14.61 4.69
176 5.25 15.91 -4.19 -1.19 -31.33 -15.46 4.36
177 5.28 15.29 -3.76 -1.03 -31.67 -16.41 3.90
178 5.31 14.55 -3.18 -0.82 -31.97 -17.44 3.28
179 5.34 13.64 -2.42 -0.59 -32.17 -18.54 2.49
180 5.37 12.53 -1.47 -0.33 -32.17 -19.65 1.51
181 5.4 11.22 -0.37 -0.07 -31.89 -20.68 0.38
182 5.43 9.73 0.78 0.13 -31.26 -21.53 -0.79
183 5.46 8.36 1.86 0.27 -30.59 -22.24 -1.88
184 5.49 9.12 2.78 0.45 -33.06 -23.95 -2.81
185 5.52 11.87 3.49 0.73 -38.10 -26.25 -3.57
186 5.55 15.68 4.01 1.13 -43.91 -28.26 -4.17
187 5.58 19.89 4.36 1.57 -49.24 -29.41 -4.63
188 5.61 23.99 4.54 2.02 -53.30 -29.39 -4.97
189 5.64 27.54 4.57 2.38 -55.50 -28.06 -5.15
190 5.67 30.07 4.44 2.57 -55.29 -25.32 -5.13
191 5.7 31.29 4.21 2.56 -52.52 -21.32 -4.92
192 5.73 31.22 3.91 2.36 -47.67 -16.53 -4.56
193 5.76 29.96 3.53 2.03 -41.26 -11.37 -4.08
194 5.79 27.71 3.06 1.61 -33.96 -6.29 -3.46
195 5.82 24.94 2.45 1.14 -26.87 -1.95 -2.70
196 5.85 22.66 1.65 0.69 -22.27 0.38 -1.79
197 5.88 22.17 0.66 0.27 -23.09 -0.91 -0.71
198 5.91 22.01 -0.48 -0.19 -25.10 -3.09 0.52
199 5.94 21.59 -1.68 -0.66 -26.57 -4.99 1.80
200 5.97 20.98 -2.82 -1.08 -27.50 -6.54 3.02
201 6 20.32 -3.82 -1.41 -27.98 -7.71 4.07
202 6.03 19.68 -4.65 -1.66 -28.18 -8.57 4.93
203 6.06 19.10 -5.32 -1.84 -28.21 -9.20 5.63
204 6.09 18.58 -5.89 -1.98 -28.14 -9.66 6.21
205 6.12 18.11 -6.37 -2.08 -28.01 -10.01 6.70
206 6.15 17.71 -6.76 -2.15 -27.87 -10.29 7.10
207 6.18 17.37 -7.05 -2.20 -27.77 -10.53 7.38
208 6.21 17.10 -7.24 -2.22 -27.72 -10.76 7.57
209 6.24 16.88 -7.36 -2.23 -27.73 -11.00 7.69
210 6.27 16.69 -7.42 -2.22 -27.79 -11.25 7.74
211 6.3 16.54 -7.39 -2.19 -27.94 -11.54 7.71
212 6.33 16.43 -7.28 -2.14 -28.17 -11.87 7.59
213 6.36 16.34 -7.10 -2.07 -28.47 -12.26 7.39
214 6.39 16.26 -6.83 -1.99 -28.85 -12.71 7.12
215 6.42 16.19 -6.49 -1.88 -29.30 -13.22 6.75
216 6.45 16.11 -6.04 -1.74 -29.80 -13.78 6.28
217 6.48 16.02 -5.48 -1.57 -30.35 -14.41 5.70
218 6.51 15.90 -4.79 -1.36 -30.93 -15.09 4.98
219 6.54 15.73 -3.97 -1.12 -31.49 -15.80 4.12
220 6.57 15.49 -3.00 -0.83 -32.00 -16.53 3.11
221 6.6 15.17 -1.88 -0.51 -32.39 -17.23 1.94
222 6.63 14.73 -0.67 -0.18 -32.59 -17.86 0.69
223 6.66 14.21 0.57 0.14 -32.57 -18.36 -0.59
224 6.69 13.62 1.75 0.42 -32.33 -18.72 -1.80
225 6.72 13.08 2.80 0.65 -32.10 -19.03 -2.88
226 6.75 13.56 3.71 0.89 -33.69 -20.16 -3.81
227 6.78 14.97 4.46 1.19 -36.94 -22.01 -4.61
228 6.81 16.92 5.07 1.54 -40.98 -24.13 -5.30
229 6.84 19.07 5.55 1.92 -45.15 -26.17 -5.87
230 6.87 21.19 5.92 2.29 -48.99 -27.92 -6.34
231 6.9 23.10 6.17 2.63 -52.16 -29.20 -6.71
232 6.93 24.63 6.31 2.89 -54.38 -29.90 -6.94
233 6.96 25.65 6.35 3.04 -55.36 -29.88 -7.04
234 6.99 25.98 6.28 3.05 -54.84 -29.03 -6.98
235 7.02 25.68 6.12 2.93 -52.99 -27.47 -6.78
236 7.05 24.84 5.87 2.71 -50.09 -25.39 -6.46
237 7.08 23.57 5.52 2.40 -46.41 -22.96 -6.02
238 7.11 22.00 5.08 2.05 -42.27 -20.36 -5.48
239 7.14 20.32 4.52 1.67 -38.07 -17.82 -4.82
240 7.17 18.77 3.84 1.30 -34.40 -15.67 -4.06
241 7.2 17.75 3.01 0.96 -32.06 -14.34 -3.16
242 7.23 17.59 2.02 0.64 -31.82 -14.24 -2.12
243 7.26 17.65 0.88 0.28 -32.06 -14.41 -0.93
244 7.29 17.64 -0.33 -0.10 -32.12 -14.47 0.35
245 7.32 17.56 -1.54 -0.49 -31.97 -14.42 1.61
