1 0 15.14 0.01 0.00 -32.62 -17.49 -0.01
2 0.05 15.81 0.05 0.01 -32.58 -16.77 -0.05
3 0.1 16.46 0.09 0.03 -32.48 -16.03 -0.09
4 0.15 16.55 0.09 0.03 -32.47 -15.92 -0.09
5 0.2 16.46 0.09 0.03 -32.48 -16.02 -0.09
6 0.25 16.74 0.10 0.03 -32.42 -15.68 -0.11
7 0.3 17.11 0.13 0.04 -32.32 -15.20 -0.13
8 0.35 17.16 0.13 0.04 -32.30 -15.15 -0.14
9 0.4 17.02 0.12 0.04 -32.34 -15.32 -0.13
10 0.45 17.12 0.13 0.04 -32.31 -15.19 -0.13
11 0.5 17.36 0.14 0.04 -32.23 -14.88 -0.15
12 0.55 17.40 0.15 0.05 -32.22 -14.82 -0.15
13 0.6 17.28 0.14 0.04 -32.26 -14.99 -0.15
14 0.65 17.29 0.14 0.04 -32.26 -14.97 -0.15
15 0.7 17.44 0.15 0.05 -32.20 -14.76 -0.16
16 0.75 17.48 0.16 0.05 -32.19 -14.70 -0.16
17 0.8 17.39 0.15 0.05 -32.22 -14.83 -0.16
18 0.85 17.37 0.15 0.05 -32.23 -14.86 -0.16
19 0.9 17.47 0.16 0.05 -32.19 -14.73 -0.17
20 0.95 17.51 0.17 0.05 -32.17 -14.66 -0.17
21 1 17.45 0.17 0.05 -32.20 -14.75 -0.17
22 1.05 17.42 0.17 0.05 -32.21 -14.80 -0.18
23 1.1 17.47 0.18 0.06 -32.19 -14.72 -0.19
24 1.15 17.52 0.19 0.06 -32.17 -14.66 -0.20
25 1.2 17.48 0.20 0.06 -32.19 -14.71 -0.20
26 1.25 17.44 0.21 0.06 -32.20 -14.76 -0.22
27 1.3 17.47 0.22 0.07 -32.19 -14.71 -0.23
28 1.35 17.51 0.25 0.08 -32.17 -14.66 -0.26
29 1.4 17.49 0.27 0.09 -32.18 -14.69 -0.28
30 1.45 17.46 0.30 0.09 -32.19 -14.73 -0.32
31 1.5 17.47 0.34 0.11 -32.18 -14.71 -0.36
32 1.55 17.50 0.40 0.12 -32.17 -14.67 -0.42
33 1.6 17.49 0.46 0.14 -32.17 -14.68 -0.48
34 1.65 17.46 0.54 0.17 -32.18 -14.72 -0.57
35 1.7 17.46 0.64 0.20 -32.17 -14.71 -0.67
36 1.75 17.47 0.77 0.24 -32.15 -14.68 -0.81
37 1.8 17.45 0.94 0.29 -32.13 -14.68 -0.98
38 1.85 17.41 1.14 0.36 -32.11 -14.70 -1.20
39 1.9 17.38 1.41 0.44 -32.07 -14.70 -1.47
40 1.95 17.35 1.74 0.54 -32.00 -14.66 -1.82
41 2 19.02 2.13 0.73 -35.18 -16.18 -2.25
42 2.05 22.66 2.54 1.06 -41.87 -19.23 -2.75
43 2.1 26.63 2.92 1.46 -48.61 -22.02 -3.27
44 2.15 29.94 3.23 1.86 -53.48 -23.59 -3.73
45 2.2 31.74 3.44 2.12 -55.09 -23.42 -4.04
46 2.25 31.39 3.53 2.15 -52.52 -21.20 -4.13
47 2.3 29.25 3.47 1.94 -46.75 -17.55 -3.98
48 2.35 25.95 3.19 1.55 -39.21 -13.30 -3.55
49 2.4 22.44 2.57 1.06 -32.06 -9.65 -2.78
50 2.45 20.53 1.50 0.56 -29.30 -8.77 -1.60
51 2.5 20.08 0.00 0.00 -30.24 -10.16 -0.00
52 2.55 19.40 -1.65 -0.58 -30.71 -11.32 1.75
53 2.6 18.59 -3.12 -1.05 -30.73 -12.17 3.30
54 2.65 17.85 -4.16 -1.34 -30.56 -12.76 4.37
55 2.7 17.29 -4.75 -1.48 -30.43 -13.20 4.97
56 2.75 16.90 -4.95 -1.50 -30.46 -13.63 5.17
57 2.8 16.56 -4.86 -1.44 -30.67 -14.18 5.07
58 2.85 16.17 -4.48 -1.30 -31.08 -14.96 4.66
59 2.9 15.65 -3.74 -1.05 -31.63 -16.02 3.89
60 2.95 14.90 -2.60 -0.69 -32.19 -17.30 2.69
61 3 13.89 -1.10 -0.27 -32.48 -18.60 1.13
62 3.05 12.62 0.47 0.10 -32.31 -19.69 -0.48
63 3.1 11.20 1.78 0.35 -31.72 -20.53 -1.82
64 3.15 17.01 2.57 0.78 -42.16 -25.17 -2.68
65 3.2 27.02 2.68 1.36 -54.51 -27.52 -3.00
66 3.25 31.72 2.22 1.37 -52.75 -21.05 -2.61
67 3.3 27.90 1.47 0.78 -36.59 -8.70 -1.66
68 3.35 22.16 0.33 0.13 -23.73 -1.57 -0.35
69 3.4 21.62 -1.23 -0.49 -26.74 -5.13 1.32
70 3.45 20.55 -2.79 -1.04 -28.53 -8.00 2.97
71 3.5 19.39 -3.96 -1.39 -29.34 -10.00 4.19
72 3.55 18.43 -4.66 -1.55 -29.71 -11.34 4.91
73 3.6 17.70 -4.93 -1.57 -30.03 -12.39 5.17
74 3.65 17.04 -4.89 -1.50 -30.45 -13.47 5.11
75 3.7 16.33 -4.58 -1.34 -30.96 -14.68 4.77
76 3.75 15.48 -3.93 -1.09 -31.55 -16.11 4.08
77 3.8 14.31 -2.85 -0.73 -32.09 -17.80 2.94
78 3.85 12.59 -1.31 -0.29 -32.21 -19.63 1.34
79 3.9 10.25 0.57 0.10 -31.50 -21.26 -0.58
80 3.95 7.61 2.39 0.32 -29.88 -22.28 -2.41
81 4 9.17 3.81 0.62 -34.26 -25.11 -3.86
82 4.05 15.61 4.71 1.31 -44.39 -28.83 -4.89
83 4.1 23.03 4.99 2.12 -52.81 -29.88 -5.42
84 4.15 28.87 4.82 2.65 -55.66 -26.91 -5.50
85 4.2 31.02 4.41 2.64 -50.88 -19.96 -5.14
86 4.25 29.34 3.79 2.13 -40.45 -11.18 -4.34
87 4.3 25.02 2.82 1.31 -28.14 -3.15 -3.11
88 4.35 22.09 1.38 0.56 -23.33 -1.24 -1.49
89 4.4 21.70 -0.37 -0.15 -26.71 -5.01 0.40
90 4.45 20.73 -2.05 -0.78 -28.68 -7.97 2.19
91 4.5 19.59 -3.37 -1.20 -29.58 -10.02 3.57
92 4.55 18.60 -4.21 -1.42 -29.96 -11.41 4.44
93 4.6 17.84 -4.56 -1.47 -30.25 -12.47 4.79
94 4.65 17.18 -4.56 -1.41 -30.64 -13.52 4.77
95 4.7 16.45 -4.31 -1.27 -31.11 -14.71 4.49
96 4.75 15.55 -3.74 -1.04 -31.65 -16.14 3.88
97 4.8 14.35 -2.69 -0.69 -32.14 -17.81 2.78
98 4.85 12.62 -1.16 -0.26 -32.24 -19.62 1.19
99 4.9 10.27 0.70 0.13 -31.51 -21.23 -0.71
100 4.95 7.62 2.49 0.33 -29.87 -22.25 -2.51
101 5 9.16 3.89 0.63 -34.23 -25.09 -3.94
102 5.05 15.61 4.78 1.33 -44.36 -28.80 -4.97
103 5.1 23.04 5.07 2.15 -52.78 -29.84 -5.50
104 5.15 28.87 4.87 2.68 -55.64 -26.88 -5.56
105 5.2 31.01 4.45 2.67 -50.85 -19.94 -5.19
106 5.25 29.34 3.84 2.16 -40.41 -11.15 -4.40
107 5.3 25.02 2.88 1.34 -28.07 -3.09 -3.18
108 5.35 22.09 1.45 0.59 -23.26 -1.18 -1.56
109 5.4 21.71 -0.30 -0.12 -26.68 -4.96 0.33
110 5.45 20.76 -1.96 -0.74 -28.67 -7.92 2.10
111 5.5 19.65 -3.25 -1.16 -29.59 -9.97 3.45
112 5.55 18.69 -4.07 -1.38 -29.99 -11.35 4.30
113 5.6 17.96 -4.39 -1.42 -30.31 -12.41 4.62
114 5.65 17.33 -4.34 -1.35 -30.72 -13.44 4.55
115 5.7 16.66 -4.03 -1.21 -31.22 -14.61 4.21
116 5.75 15.81 -3.39 -0.96 -31.78 -16.00 3.52
117 5.8 14.67 -2.26 -0.59 -32.29 -17.63 2.34
118 5.85 13.03 -0.61 -0.14 -32.39 -19.36 0.62
119 5.9 10.78 1.40 0.27 -31.63 -20.86 -1.43
120 5.95 8.24 3.37 0.49 -29.96 -21.73 -3.41
121 6 7.64 5.00 0.67 -30.88 -23.27 -5.05
122 6.05 10.05 6.24 1.10 -36.07 -26.08 -6.33
123 6.1 14.01 7.04 1.75 -42.70 -28.80 -7.25
124 6.15 18.37 7.51 2.49 -48.75 -30.55 -7.91
125 6.2 22.40 7.76 3.19 -52.98 -30.81 -8.39
126 6.25 25.50 7.76 3.68 -54.55 -29.30 -8.58
127 6.3 27.15 7.45 3.80 -52.90 -26.00 -8.36
128 6.35 27.29 6.94 3.57 -48.59 -21.51 -7.80
129 6.4 26.10 6.32 3.09 -42.44 -16.51 -7.03
130 6.45 23.97 5.51 2.45 -35.56 -11.70 -6.03
131 6.5 21.71 4.36 1.73 -29.86 -8.21 -4.69
132 6.55 20.63 2.79 1.05 -28.37 -7.76 -2.98
133 6.6 20.39 0.88 0.33 -29.72 -9.34 -0.94
134 6.65 19.84 -1.10 -0.40 -30.41 -10.58 1.16
135 6.7 19.10 -2.89 -1.00 -30.43 -11.35 3.06
136 6.75 18.39 -4.29 -1.42 -30.08 -11.74 4.51
137 6.8 17.82 -5.23 -1.68 -29.66 -11.91 5.49
138 6.85 17.43 -5.81 -1.82 -29.33 -11.99 6.09
139 6.9 17.19 -6.15 -1.90 -29.12 -12.03 6.43
140 6.95 17.06 -6.26 -1.92 -29.07 -12.11 6.55
141 7 17.04 -6.10 -1.87 -29.27 -12.32 6.38
142 7.05 17.11 -5.65 -1.74 -29.71 -12.68 5.91
143 7.1 17.24 -4.92 -1.52 -30.31 -13.14 5.15
144 7.15 17.41 -3.88 -1.21 -31.01 -13.64 4.06
145 7.2 17.58 -2.41 -0.76 -31.69 -14.12 2.53
146 7.25 17.66 -0.54 -0.17 -32.09 -14.43 0.57
147 7.3 17.56 1.45 0.46 -31.99 -14.43 -1.52
148 7.35 17.29 3.25 1.01 -31.43 -14.17 -3.40
