1 0 15.04 -0.00 -0.00 -32.62 -17.59 0.00
2 0.02 15.25 -0.01 -0.00 -32.62 -17.37 0.01
3 0.04 15.57 -0.03 -0.01 -32.60 -17.04 0.03
4 0.06 15.81 -0.05 -0.01 -32.58 -16.77 0.05
5 0.08 15.92 -0.05 -0.02 -32.57 -16.64 0.06
6 0.1 15.98 -0.06 -0.02 -32.56 -16.58 0.06
7 0.12 16.09 -0.06 -0.02 -32.55 -16.46 0.07
8 0.14 16.25 -0.07 -0.02 -32.52 -16.27 0.08
9 0.16 16.39 -0.08 -0.02 -32.50 -16.10 0.08
10 0.18 16.49 -0.09 -0.03 -32.48 -15.99 0.09
11 0.2 16.54 -0.09 -0.03 -32.47 -15.92 0.09
12 0.22 16.61 -0.09 -0.03 -32.45 -15.85 0.10
13 0.24 16.69 -0.10 -0.03 -32.43 -15.74 0.10
14 0.26 16.77 -0.11 -0.03 -32.41 -15.64 0.11
15 0.28 16.84 -0.11 -0.03 -32.39 -15.56 0.11
16 0.3 16.88 -0.11 -0.03 -32.38 -15.50 0.12
17 0.32 16.93 -0.11 -0.03 -32.37 -15.45 0.12
18 0.34 16.97 -0.12 -0.04 -32.36 -15.38 0.12
19 0.36 17.02 -0.12 -0.04 -32.34 -15.32 0.13
20 0.38 17.07 -0.12 -0.04 -32.33 -15.26 0.13
21 0.4 17.10 -0.13 -0.04 -32.32 -15.22 0.13
22 0.42 17.13 -0.13 -0.04 -32.31 -15.18 0.13
23 0.44 17.16 -0.13 -0.04 -32.30 -15.15 0.14
24 0.46 17.19 -0.13 -0.04 -32.29 -15.11 0.14
25 0.48 17.21 -0.13 -0.04 -32.28 -15.07 0.14
26 0.5 17.23 -0.14 -0.04 -32.28 -15.04 0.14
27 0.52 17.25 -0.14 -0.04 -32.27 -15.02 0.14
28 0.54 17.27 -0.14 -0.04 -32.26 -14.99 0.14
29 0.56 17.29 -0.14 -0.04 -32.26 -14.97 0.15
30 0.58 17.31 -0.14 -0.04 -32.25 -14.94 0.15
31 0.6 17.32 -0.14 -0.04 -32.25 -14.92 0.15
32 0.62 17.34 -0.14 -0.04 -32.24 -14.91 0.15
33 0.64 17.35 -0.14 -0.05 -32.24 -14.89 0.15
34 0.66 17.36 -0.15 -0.05 -32.23 -14.87 0.15
35 0.68 17.37 -0.15 -0.05 -32.23 -14.86 0.15
36 0.7 17.38 -0.15 -0.05 -32.22 -14.85 0.15
37 0.72 17.39 -0.15 -0.05 -32.22 -14.83 0.16
38 0.74 17.40 -0.15 -0.05 -32.22 -14.82 0.16
39 0.76 17.40 -0.15 -0.05 -32.22 -14.81 0.16
40 0.78 17.41 -0.15 -0.05 -32.21 -14.80 0.16
41 0.8 17.42 -0.15 -0.05 -32.21 -14.80 0.16
42 0.82 17.42 -0.15 -0.05 -32.21 -14.79 0.16
43 0.84 17.43 -0.15 -0.05 -32.21 -14.78 0.16
44 0.86 17.43 -0.16 -0.05 -32.21 -14.77 0.16
45 0.88 17.44 -0.16 -0.05 -32.20 -14.77 0.16
46 0.9 17.44 -0.16 -0.05 -32.20 -14.76 0.17
47 0.92 17.44 -0.16 -0.05 -32.20 -14.76 0.17
48 0.94 17.45 -0.16 -0.05 -32.20 -14.75 0.17
49 0.96 17.45 -0.16 -0.05 -32.20 -14.75 0.17
50 0.98 17.45 -0.16 -0.05 -32.20 -14.74 0.17
51 1 17.46 -0.16 -0.05 -32.20 -14.74 0.17
52 1.02 17.46 -0.17 -0.05 -32.20 -14.74 0.17
53 1.04 17.46 -0.17 -0.05 -32.19 -14.73 0.18
54 1.06 17.46 -0.17 -0.05 -32.19 -14.73 0.18
55 1.08 17.46 -0.17 -0.05 -32.19 -14.73 0.18
56 1.1 17.47 -0.17 -0.05 -32.19 -14.73 0.18
57 1.12 17.47 -0.18 -0.06 -32.19 -14.72 0.19
58 1.14 17.47 -0.18 -0.06 -32.19 -14.72 0.19
59 1.16 17.47 -0.18 -0.06 -32.19 -14.72 0.19
60 1.18 17.47 -0.19 -0.06 -32.19 -14.72 0.20
61 1.2 17.47 -0.19 -0.06 -32.19 -14.72 0.20
62 1.22 17.47 -0.19 -0.06 -32.19 -14.72 0.20
63 1.24 17.47 -0.20 -0.06 -32.19 -14.72 0.21
64 1.26 17.47 -0.20 -0.06 -32.19 -14.71 0.21
65 1.28 17.47 -0.21 -0.07 -32.19 -14.71 0.22
66 1.3 17.47 -0.22 -0.07 -32.19 -14.71 0.23
67 1.32 17.48 -0.22 -0.07 -32.19 -14.71 0.23
68 1.34 17.48 -0.23 -0.07 -32.19 -14.71 0.24
69 1.36 17.48 -0.24 -0.07 -32.19 -14.71 0.25
70 1.38 17.48 -0.25 -0.08 -32.19 -14.71 0.26
71 1.4 17.48 -0.25 -0.08 -32.19 -14.71 0.27
72 1.42 17.48 -0.27 -0.08 -32.19 -14.71 0.28
73 1.44 17.48 -0.28 -0.09 -32.18 -14.71 0.29
74 1.46 17.48 -0.29 -0.09 -32.18 -14.71 0.30
75 1.48 17.47 -0.30 -0.10 -32.18 -14.71 0.32
76 1.5 17.47 -0.32 -0.10 -32.18 -14.71 0.33
77 1.52 17.47 -0.33 -0.10 -32.18 -14.71 0.35
78 1.54 17.47 -0.35 -0.11 -32.18 -14.71 0.37
79 1.56 17.47 -0.37 -0.12 -32.18 -14.71 0.39
80 1.58 17.47 -0.39 -0.12 -32.18 -14.71 0.41
81 1.6 17.47 -0.41 -0.13 -32.18 -14.71 0.43
82 1.62 17.47 -0.44 -0.14 -32.18 -14.71 0.46
83 1.64 17.46 -0.47 -0.15 -32.18 -14.71 0.49
84 1.66 17.46 -0.50 -0.16 -32.18 -14.72 0.52
85 1.68 17.46 -0.53 -0.17 -32.18 -14.72 0.56
86 1.7 17.46 -0.57 -0.18 -32.17 -14.72 0.59
87 1.72 17.45 -0.61 -0.19 -32.17 -14.72 0.64
88 1.74 17.45 -0.65 -0.20 -32.17 -14.72 0.68
89 1.76 17.44 -0.70 -0.22 -32.17 -14.72 0.73
90 1.78 17.44 -0.75 -0.24 -32.16 -14.72 0.79
91 1.8 17.43 -0.81 -0.25 -32.16 -14.73 0.85
92 1.82 17.42 -0.87 -0.27 -32.15 -14.73 0.91
93 1.84 17.42 -0.94 -0.29 -32.14 -14.73 0.98
94 1.86 17.41 -1.02 -0.32 -32.14 -14.73 1.06
95 1.88 17.40 -1.10 -0.34 -32.13 -14.73 1.15
96 1.9 17.38 -1.19 -0.37 -32.12 -14.73 1.24
97 1.92 17.37 -1.29 -0.40 -32.10 -14.74 1.35
98 1.94 17.35 -1.40 -0.44 -32.09 -14.74 1.46
99 1.96 17.34 -1.52 -0.47 -32.07 -14.74 1.59
100 1.98 17.31 -1.65 -0.51 -32.04 -14.73 1.72
101 2 17.29 -1.79 -0.56 -32.01 -14.73 1.87
102 2.02 17.27 -1.93 -0.60 -31.98 -14.71 2.02
103 2.04 17.26 -2.09 -0.65 -31.94 -14.69 2.18
104 2.06 17.24 -2.24 -0.69 -31.89 -14.66 2.34
105 2.08 17.23 -2.39 -0.74 -31.84 -14.62 2.50
106 2.1 17.22 -2.54 -0.79 -31.79 -14.58 2.66
107 2.12 17.21 -2.68 -0.83 -31.73 -14.54 2.80
108 2.14 17.19 -2.81 -0.87 -31.68 -14.52 2.94
109 2.16 17.16 -2.94 -0.91 -31.64 -14.50 3.08
110 2.18 17.12 -3.05 -0.94 -31.60 -14.50 3.19
111 2.2 17.08 -3.15 -0.97 -31.57 -14.52 3.30
112 2.22 17.02 -3.24 -0.99 -31.54 -14.55 3.39
113 2.24 16.95 -3.30 -1.01 -31.54 -14.61 3.45
114 2.26 16.87 -3.35 -1.02 -31.54 -14.70 3.50
115 2.28 16.78 -3.37 -1.02 -31.56 -14.81 3.52
116 2.3 16.68 -3.36 -1.01 -31.60 -14.95 3.51
117 2.32 16.56 -3.33 -0.99 -31.65 -15.12 3.47
118 2.34 16.43 -3.25 -0.96 -31.72 -15.32 3.39
119 2.36 16.28 -3.13 -0.91 -31.82 -15.56 3.26
120 2.38 16.12 -2.96 -0.86 -31.92 -15.82 3.08
121 2.4 15.94 -2.74 -0.78 -32.05 -16.12 2.85
122 2.42 15.75 -2.45 -0.69 -32.18 -16.45 2.55
123 2.44 15.52 -2.09 -0.58 -32.31 -16.80 2.17
124 2.46 15.28 -1.66 -0.45 -32.44 -17.17 1.72
125 2.48 14.99 -1.14 -0.30 -32.54 -17.55 1.18
126 2.5 14.67 -0.54 -0.14 -32.60 -17.93 0.56
127 2.52 14.31 0.12 0.03 -32.59 -18.29 -0.13
128 2.54 13.91 0.81 0.20 -32.52 -18.61 -0.84
129 2.56 13.47 1.51 0.36 -32.36 -18.89 -1.55
130 2.58 13.02 2.17 0.50 -32.13 -19.13 -2.22
131 2.6 12.56 2.77 0.62 -31.86 -19.32 -2.84
132 2.62 12.66 3.31 0.74 -32.54 -19.90 -3.39
133 2.64 13.69 3.77 0.92 -34.77 -21.11 -3.88
134 2.66 15.35 4.17 1.14 -37.96 -22.66 -4.32
135 2.68 17.38 4.49 1.40 -41.59 -24.26 -4.71
136 2.7 19.59 4.75 1.69 -45.24 -25.72 -5.04
137 2.72 21.82 4.94 1.97 -48.64 -26.90 -5.32
138 2.74 23.94 5.07 2.24 -51.55 -27.72 -5.54
139 2.76 25.83 5.13 2.48 -53.80 -28.09 -5.70
140 2.78 27.38 5.14 2.66 -55.22 -27.96 -5.78
141 2.8 28.49 5.09 2.76 -55.63 -27.26 -5.78
142 2.82 29.05 4.99 2.77 -54.90 -25.97 -5.71
143 2.84 29.08 4.86 2.70 -53.15 -24.19 -5.56
144 2.86 28.63 4.69 2.55 -50.58 -22.06 -5.34
145 2.88 27.76 4.48 2.35 -47.35 -19.69 -5.06
146 2.9 26.54 4.22 2.11 -43.66 -17.20 -4.72
147 2.92 25.06 3.93 1.83 -39.72 -14.72 -4.33
148 2.94 23.46 3.57 1.55 -35.85 -12.44 -3.89
149 2.96 21.91 3.15 1.27 -32.47 -10.59 -3.40
150 2.98 20.70 2.66 1.01 -30.19 -9.51 -2.85
151 3 20.12 2.10 0.77 -29.68 -9.57 -2.23
152 3.02 19.91 1.47 0.53 -30.21 -10.30 -1.56
153 3.04 19.66 0.80 0.28 -30.67 -11.01 -0.85
154 3.06 19.35 0.12 0.04 -31.03 -11.68 -0.13
155 3.08 19.00 -0.53 -0.18 -31.30 -12.30 0.56
156 3.1 18.64 -1.11 -0.38 -31.48 -12.85 1.17
157 3.12 18.26 -1.61 -0.53 -31.60 -13.34 1.70
158 3.14 17.91 -2.02 -0.65 -31.67 -13.78 2.12
159 3.16 17.57 -2.34 -0.74 -31.72 -14.16 2.45
160 3.18 17.27 -2.57 -0.80 -31.75 -14.51 2.70
161 3.2 16.98 -2.73 -0.83 -31.79 -14.84 2.86
162 3.22 16.69 -2.82 -0.85 -31.85 -15.17 2.94
163 3.24 16.39 -2.84 -0.83 -31.92 -15.55 2.96
164 3.26 16.06 -2.79 -0.80 -32.01 -15.96 2.90
165 3.28 15.69 -2.68 -0.75 -32.10 -16.43 2.78
166 3.3 15.27 -2.51 -0.69 -32.20 -16.94 2.60
167 3.32 14.80 -2.28 -0.60 -32.29 -17.50 2.35
168 3.34 14.25 -1.97 -0.50 -32.35 -18.11 2.03
169 3.36 13.62 -1.58 -0.38 -32.37 -18.75 1.63
170 3.38 12.90 -1.11 -0.25 -32.31 -19.42 1.14
171 3.4 12.08 -0.53 -0.11 -32.16 -20.08 0.55
172 3.42 11.16 0.12 0.02 -31.88 -20.72 -0.12
173 3.44 10.15 0.82 0.15 -31.44 -21.29 -0.84
174 3.46 9.09 1.53 0.24 -30.86 -21.77 -1.55
175 3.48 8.03 2.20 0.31 -30.17 -22.15 -2.22
176 3.5 7.71 2.79 0.38 -30.57 -22.87 -2.81
177 3.52 8.69 3.30 0.50 -32.90 -24.22 -3.34
178 3.54 10.61 3.73 0.70 -36.44 -25.86 -3.79
179 3.56 13.12 4.08 0.95 -40.52 -27.43 -4.19
180 3.58 15.97 4.36 1.25 -44.63 -28.71 -4.54
181 3.6 18.95 4.57 1.57 -48.42 -29.53 -4.83
182 3.62 21.89 4.69 1.88 -51.62 -29.80 -5.06
183 3.64 24.66 4.74 2.17 -54.03 -29.46 -5.21
184 3.66 27.09 4.71 2.40 -55.45 -28.46 -5.29
185 3.68 29.04 4.62 2.56 -55.71 -26.77 -5.28
186 3.7 30.36 4.49 2.62 -54.64 -24.39 -5.20
187 3.72 31.02 4.32 2.59 -52.40 -21.48 -5.03
188 3.74 31.06 4.12 2.47 -49.17 -18.21 -4.80
189 3.76 30.49 3.88 2.28 -45.13 -14.72 -4.51
190 3.78 29.39 3.62 2.04 -40.48 -11.15 -4.15
191 3.8 27.85 3.31 1.75 -35.46 -7.66 -3.75
192 3.82 26.00 2.95 1.44 -30.45 -4.48 -3.28
193 3.84 24.12 2.52 1.13 -26.05 -1.95 -2.76
194 3.86 22.65 2.01 0.84 -23.26 -0.62 -2.18
195 3.88 22.10 1.41 0.57 -23.23 -1.14 -1.52
196 3.9 22.04 0.74 0.30 -24.74 -2.70 -0.80
197 3.92 21.86 0.03 0.01 -26.04 -4.18 -0.03
198 3.94 21.57 -0.70 -0.28 -27.11 -5.54 0.75
199 3.96 21.20 -1.41 -0.55 -27.96 -6.77 1.51
200 3.98 20.77 -2.06 -0.78 -28.59 -7.84 2.20
201 4 20.32 -2.64 -0.98 -29.05 -8.76 2.81
202 4.02 19.87 -3.14 -1.13 -29.38 -9.54 3.33
203 4.04 19.45 -3.56 -1.26 -29.60 -10.20 3.78
204 4.06 19.05 -3.92 -1.35 -29.76 -10.75 4.14
205 4.08 18.69 -4.21 -1.42 -29.87 -11.24 4.44
206 4.1 18.36 -4.44 -1.47 -29.97 -11.67 4.68
207 4.12 18.04 -4.61 -1.50 -30.07 -12.09 4.85
208 4.14 17.74 -4.73 -1.51 -30.18 -12.50 4.96
209 4.16 17.45 -4.79 -1.50 -30.31 -12.93 5.02
210 4.18 17.16 -4.79 -1.48 -30.46 -13.36 5.01
211 4.2 16.87 -4.75 -1.44 -30.64 -13.83 4.96
212 4.22 16.56 -4.65 -1.38 -30.83 -14.32 4.85
213 4.24 16.23 -4.50 -1.31 -31.04 -14.86 4.69
214 4.26 15.87 -4.31 -1.22 -31.26 -15.43 4.48
215 4.28 15.48 -4.05 -1.12 -31.49 -16.05 4.20
216 4.3 15.03 -3.74 -1.00 -31.70 -16.70 3.87
217 4.32 14.54 -3.35 -0.87 -31.89 -17.38 3.46
218 4.34 13.97 -2.90 -0.72 -32.05 -18.10 2.98
219 4.36 13.32 -2.36 -0.56 -32.14 -18.83 2.42
220 4.38 12.59 -1.74 -0.39 -32.14 -19.56 1.78
221 4.4 11.76 -1.04 -0.22 -32.02 -20.27 1.06
222 4.42 10.84 -0.29 -0.06 -31.75 -20.92 0.30
223 4.44 9.85 0.48 0.08 -31.33 -21.48 -0.48
224 4.46 8.81 1.22 0.19 -30.76 -21.95 -1.24
225 4.48 7.78 1.91 0.26 -30.08 -22.31 -1.92
226 4.5 7.49 2.51 0.33 -30.51 -23.03 -2.54
227 4.52 8.49 3.04 0.45 -32.86 -24.38 -3.08
228 4.54 10.43 3.50 0.64 -36.42 -26.01 -3.55
229 4.56 12.97 3.87 0.89 -40.52 -27.59 -3.97
230 4.58 15.83 4.17 1.18 -44.65 -28.86 -4.34
231 4.6 18.83 4.39 1.50 -48.45 -29.68 -4.64
232 4.62 21.79 4.53 1.81 -51.67 -29.95 -4.88
233 4.64 24.56 4.59 2.10 -54.08 -29.60 -5.05
234 4.66 27.01 4.58 2.33 -55.52 -28.60 -5.14
235 4.68 28.97 4.51 2.49 -55.77 -26.90 -5.15
236 4.7 30.30 4.38 2.56 -54.72 -24.51 -5.07
237 4.72 30.98 4.22 2.53 -52.48 -21.60 -4.92
238 4.74 31.02 4.03 2.42 -49.26 -18.32 -4.70
239 4.76 30.47 3.80 2.23 -45.22 -14.82 -4.41
240 4.78 29.38 3.54 1.99 -40.57 -11.25 -4.07
241 4.8 27.84 3.24 1.71 -35.55 -7.76 -3.67
242 4.82 26.00 2.89 1.41 -30.54 -4.58 -3.21
243 4.84 24.13 2.46 1.10 -26.15 -2.04 -2.69
244 4.86 22.66 1.95 0.81 -23.35 -0.71 -2.11
245 4.88 22.10 1.36 0.55 -23.31 -1.22 -1.46
246 4.9 22.04 0.69 0.28 -24.80 -2.76 -0.74
247 4.92 21.85 -0.02 -0.01 -26.08 -4.23 0.02
248 4.94 21.56 -0.75 -0.30 -27.14 -5.58 0.80
249 4.96 21.18 -1.45 -0.56 -27.97 -6.80 1.56
250 4.98 20.75 -2.10 -0.80 -28.60 -7.86 2.25
251 5 20.30 -2.68 -0.99 -29.06 -8.78 2.85
252 5.02 19.85 -3.17 -1.15 -29.38 -9.55 3.37
253 5.04 19.43 -3.60 -1.27 -29.59 -10.21 3.81
254 5.06 19.04 -3.95 -1.36 -29.75 -10.76 4.18
255 5.08 18.67 -4.25 -1.43 -29.86 -11.24 4.48
256 5.1 18.34 -4.48 -1.48 -29.95 -11.67 4.72
257 5.12 18.03 -4.65 -1.51 -30.05 -12.08 4.89
258 5.14 17.73 -4.76 -1.52 -30.16 -12.49 5.00
259 5.16 17.44 -4.82 -1.51 -30.29 -12.91 5.05
260 5.18 17.15 -4.83 -1.49 -30.44 -13.35 5.05
261 5.2 16.86 -4.78 -1.45 -30.61 -13.81 5.00
262 5.22 16.56 -4.69 -1.39 -30.81 -14.30 4.89
263 5.24 16.23 -4.54 -1.32 -31.02 -14.84 4.73
264 5.26 15.87 -4.35 -1.23 -31.24 -15.41 4.52
265 5.28 15.48 -4.09 -1.13 -31.46 -16.02 4.25
266 5.3 15.04 -3.78 -1.02 -31.68 -16.67 3.92
267 5.32 14.54 -3.40 -0.88 -31.87 -17.35 3.52
268 5.34 13.98 -2.95 -0.73 -32.03 -18.06 3.04
269 5.36 13.34 -2.42 -0.57 -32.12 -18.79 2.48
270 5.38 12.61 -1.80 -0.40 -32.13 -19.53 1.84
271 5.4 11.79 -1.11 -0.23 -32.02 -20.24 1.13
272 5.42 10.88 -0.36 -0.07 -31.77 -20.89 0.37
273 5.44 9.90 0.40 0.07 -31.36 -21.46 -0.40
274 5.46 8.88 1.13 0.18 -30.81 -21.93 -1.15
275 5.48 7.86 1.81 0.25 -30.15 -22.30 -1.83
276 5.5 7.58 2.41 0.32 -30.59 -23.01 -2.43
277 5.52 8.60 2.93 0.44 -32.95 -24.37 -2.96
278 5.54 10.55 3.37 0.63 -36.52 -25.99 -3.43
279 5.56 13.09 3.73 0.87 -40.62 -27.56 -3.83
280 5.58 15.96 4.02 1.15 -44.74 -28.82 -4.18
281 5.6 18.97 4.23 1.45 -48.54 -29.63 -4.47
282 5.62 21.93 4.35 1.75 -51.75 -29.88 -4.69
283 5.64 24.72 4.40 2.02 -54.16 -29.52 -4.84
284 5.66 27.18 4.37 2.24 -55.58 -28.49 -4.91
285 5.68 29.14 4.28 2.38 -55.82 -26.77 -4.89
286 5.7 30.48 4.13 2.43 -54.75 -24.36 -4.79
287 5.72 31.16 3.95 2.39 -52.49 -21.41 -4.62
288 5.74 31.21 3.74 2.26 -49.24 -18.10 -4.37
289 5.76 30.65 3.49 2.07 -45.16 -14.57 -4.06
290 5.78 29.56 3.20 1.82 -40.46 -10.95 -3.68
291 5.8 28.01 2.87 1.53 -35.38 -7.41 -3.25
292 5.82 26.15 2.48 1.22 -30.28 -4.15 -2.76
293 5.84 24.25 2.01 0.91 -25.76 -1.53 -2.21
294 5.86 22.74 1.46 0.61 -22.82 -0.09 -1.58
295 5.88 22.17 0.82 0.33 -22.69 -0.52 -0.88
296 5.9 22.13 0.10 0.04 -24.13 -2.00 -0.11
297 5.92 21.96 -0.67 -0.27 -25.35 -3.39 0.72
298 5.94 21.68 -1.46 -0.58 -26.33 -4.65 1.57
299 5.96 21.32 -2.23 -0.87 -27.07 -5.77 2.39
300 5.98 20.90 -2.96 -1.13 -27.59 -6.72 3.16
301 6 20.46 -3.61 -1.35 -27.93 -7.52 3.86
302 6.02 20.01 -4.21 -1.53 -28.14 -8.18 4.47
303 6.04 19.59 -4.73 -1.68 -28.23 -8.72 5.02
304 6.06 19.18 -5.21 -1.81 -28.25 -9.15 5.51
305 6.08 18.80 -5.63 -1.91 -28.21 -9.50 5.94
306 6.1 18.45 -6.00 -2.00 -28.14 -9.79 6.32
307 6.12 18.13 -6.33 -2.07 -28.05 -10.03 6.66
308 6.14 17.85 -6.61 -2.12 -27.95 -10.23 6.94
309 6.16 17.59 -6.85 -2.17 -27.86 -10.40 7.18
310 6.18 17.36 -7.05 -2.20 -27.78 -10.56 7.39
311 6.2 17.15 -7.22 -2.22 -27.72 -10.70 7.55
312 6.22 16.97 -7.34 -2.23 -27.68 -10.85 7.67
313 6.24 16.82 -7.43 -2.24 -27.67 -10.99 7.76
314 6.26 16.69 -7.49 -2.24 -27.69 -11.14 7.81
315 6.28 16.58 -7.51 -2.23 -27.74 -11.31 7.83
316 6.3 16.48 -7.50 -2.21 -27.82 -11.49 7.82
317 6.32 16.40 -7.46 -2.19 -27.94 -11.68 7.77
318 6.34 16.33 -7.39 -2.16 -28.09 -11.90 7.69
319 6.36 16.27 -7.28 -2.12 -28.28 -12.15 7.58
320 6.38 16.21 -7.13 -2.07 -28.50 -12.41 7.43
321 6.4 16.17 -6.96 -2.01 -28.75 -12.71 7.24
322 6.42 16.12 -6.74 -1.94 -29.03 -13.03 7.01
323 6.44 16.08 -6.48 -1.86 -29.35 -13.37 6.74
324 6.46 16.03 -6.18 -1.77 -29.69 -13.75 6.43
325 6.48 15.98 -5.83 -1.67 -30.04 -14.15 6.07
326 6.5 15.92 -5.44 -1.55 -30.42 -14.57 5.65
327 6.52 15.84 -4.98 -1.41 -30.80 -15.02 5.18
328 6.54 15.75 -4.47 -1.26 -31.18 -15.48 4.65
329 6.56 15.63 -3.89 -1.09 -31.55 -15.96 4.04
330 6.58 15.48 -3.25 -0.90 -31.89 -16.44 3.37
331 6.6 15.29 -2.54 -0.69 -32.19 -16.91 2.63
332 6.62 15.06 -1.78 -0.48 -32.42 -17.36 1.84
333 6.64 14.79 -0.99 -0.26 -32.56 -17.77 1.02
334 6.66 14.47 -0.18 -0.05 -32.60 -18.14 0.18
335 6.68 14.11 0.63 0.16 -32.55 -18.45 -0.65
336 6.7 13.72 1.40 0.34 -32.41 -18.69 -1.44
337 6.72 13.32 2.14 0.51 -32.20 -18.88 -2.20
338 6.74 12.92 2.81 0.65 -31.93 -19.02 -2.89
339 6.76 12.85 3.43 0.78 -32.24 -19.41 -3.51
340 6.78 13.35 3.97 0.94 -33.61 -20.29 -4.08
341 6.8 14.28 4.44 1.13 -35.74 -21.50 -4.59
342 6.82 15.51 4.86 1.35 -38.35 -22.89 -5.04
343 6.84 16.91 5.22 1.58 -41.18 -24.34 -5.45
344 6.86 18.40 5.52 1.83 -44.05 -25.74 -5.82
345 6.88 19.89 5.78 2.09 -46.81 -27.03 -6.14
346 6.9 21.32 5.98 2.33 -49.35 -28.15 -6.41
347 6.92 22.64 6.12 2.55 -51.56 -29.05 -6.63
348 6.94 23.81 6.22 2.74 -53.35 -29.69 -6.79
349 6.96 24.77 6.27 2.88 -54.64 -30.02 -6.90
350 6.98 25.48 6.27 2.98 -55.33 -30.02 -6.94
351 7 25.87 6.22 3.01 -55.34 -29.63 -6.91
352 7.02 25.95 6.13 2.98 -54.66 -28.87 -6.81
353 7.04 25.74 6.00 2.89 -53.39 -27.80 -6.66
354 7.06 25.27 5.83 2.74 -51.61 -26.48 -6.44
355 7.08 24.58 5.62 2.56 -49.42 -24.96 -6.17
356 7.1 23.71 5.36 2.35 -46.89 -23.29 -5.85
357 7.12 22.69 5.06 2.11 -44.14 -21.54 -5.48
358 7.14 21.57 4.71 1.86 -41.27 -19.77 -5.06
359 7.16 20.43 4.30 1.60 -38.43 -18.06 -4.59
360 7.18 19.34 3.84 1.35 -35.80 -16.51 -4.07
361 7.2 18.41 3.32 1.10 -33.63 -15.25 -3.50
362 7.22 17.78 2.72 0.87 -32.21 -14.44 -2.86
363 7.24 17.59 2.06 0.65 -31.81 -14.24 -2.16
364 7.26 17.63 1.32 0.42 -31.99 -14.36 -1.39
365 7.28 17.65 0.54 0.17 -32.10 -14.44 -0.57
366 7.3 17.64 -0.27 -0.09 -32.12 -14.48 0.28
367 7.32 17.60 -1.08 -0.34 -32.05 -14.46 1.13
368 7.34 17.52 -1.86 -0.59 -31.90 -14.40 1.95
369 7.36 17.41 -2.59 -0.81 -31.69 -14.31 2.71
