1 0 15.14 -0.01 -0.00 -32.62 -17.49 0.01
2 0.05 15.81 -0.05 -0.01 -32.58 -16.77 0.05
3 0.1 16.46 -0.09 -0.03 -32.48 -16.03 0.09
4 0.15 16.55 -0.09 -0.03 -32.47 -15.92 0.09
5 0.2 16.46 -0.09 -0.03 -32.48 -16.02 0.09
6 0.25 16.74 -0.10 -0.03 -32.42 -15.68 0.11
7 0.3 17.11 -0.13 -0.04 -32.32 -15.20 0.13
8 0.35 17.16 -0.13 -0.04 -32.30 -15.15 0.14
9 0.4 17.02 -0.12 -0.04 -32.34 -15.32 0.13
10 0.45 17.12 -0.13 -0.04 -32.31 -15.19 0.13
11 0.5 17.36 -0.14 -0.04 -32.23 -14.88 0.15
12 0.55 17.40 -0.15 -0.05 -32.22 -14.82 0.15
13 0.6 17.28 -0.14 -0.04 -32.26 -14.99 0.15
14 0.65 17.29 -0.14 -0.04 -32.26 -14.97 0.15
15 0.7 17.44 -0.15 -0.05 -32.20 -14.76 0.16
16 0.75 17.48 -0.16 -0.05 -32.19 -14.70 0.16
17 0.8 17.39 -0.15 -0.05 -32.22 -14.83 0.16
18 0.85 17.37 -0.15 -0.05 -32.23 -14.86 0.16
19 0.9 17.47 -0.16 -0.05 -32.19 -14.73 0.17
20 0.95 17.51 -0.17 -0.05 -32.17 -14.66 0.17
21 1 17.45 -0.17 -0.05 -32.20 -14.75 0.17
22 1.05 17.42 -0.17 -0.05 -32.21 -14.80 0.18
23 1.1 17.47 -0.18 -0.06 -32.19 -14.72 0.19
24 1.15 17.52 -0.19 -0.06 -32.17 -14.66 0.20
25 1.2 17.48 -0.20 -0.06 -32.19 -14.71 0.20
26 1.25 17.44 -0.21 -0.06 -32.20 -14.76 0.22
27 1.3 17.47 -0.22 -0.07 -32.19 -14.71 0.23
28 1.35 17.51 -0.25 -0.08 -32.17 -14.66 0.26
29 1.4 17.49 -0.27 -0.09 -32.18 -14.69 0.28
30 1.45 17.46 -0.30 -0.09 -32.19 -14.73 0.32
31 1.5 17.47 -0.34 -0.11 -32.18 -14.71 0.36
32 1.55 17.50 -0.40 -0.12 -32.17 -14.67 0.42
33 1.6 17.49 -0.46 -0.14 -32.17 -14.68 0.48
34 1.65 17.46 -0.54 -0.17 -32.18 -14.72 0.57
35 1.7 17.46 -0.64 -0.20 -32.17 -14.71 0.67
36 1.75 17.47 -0.77 -0.24 -32.15 -14.68 0.81
37 1.8 17.45 -0.94 -0.29 -32.13 -14.68 0.98
38 1.85 17.41 -1.14 -0.36 -32.11 -14.70 1.20
39 1.9 17.38 -1.41 -0.44 -32.07 -14.70 1.47
40 1.95 17.35 -1.74 -0.54 -32.00 -14.66 1.82
41 2 17.30 -2.13 -0.66 -31.90 -14.61 2.23
42 2.05 17.23 -2.55 -0.79 -31.78 -14.56 2.67
43 2.1 17.17 -2.95 -0.91 -31.63 -14.47 3.09
44 2.15 17.11 -3.29 -1.01 -31.48 -14.40 3.45
45 2.2 17.00 -3.54 -1.08 -31.39 -14.43 3.70
46 2.25 16.80 -3.66 -1.10 -31.39 -14.62 3.82
47 2.3 16.54 -3.61 -1.07 -31.51 -15.00 3.76
48 2.35 16.20 -3.31 -0.96 -31.75 -15.57 3.44
49 2.4 15.77 -2.65 -0.75 -32.10 -16.35 2.76
50 2.45 15.16 -1.55 -0.42 -32.47 -17.31 1.60
51 2.5 14.32 -0.00 -0.00 -32.60 -18.27 0.00
52 2.55 13.28 1.70 0.40 -32.29 -19.02 -1.75
53 2.6 12.15 3.22 0.69 -31.61 -19.48 -3.30
54 2.65 14.83 4.30 1.14 -37.34 -22.55 -4.45
55 2.7 21.02 4.89 1.88 -47.70 -26.76 -5.24
56 2.75 26.67 5.02 2.52 -54.80 -28.24 -5.61
57 2.8 29.14 4.81 2.68 -54.32 -25.30 -5.50
58 2.85 27.56 4.36 2.27 -46.29 -18.81 -4.91
59 2.9 23.39 3.63 1.57 -35.04 -11.70 -3.95
60 2.95 20.32 2.52 0.93 -29.12 -8.82 -2.69
61 3 19.80 1.07 0.38 -30.46 -10.66 -1.13
62 3.05 19.01 -0.45 -0.16 -31.31 -12.30 0.48
63 3.1 18.04 -1.73 -0.56 -31.69 -13.66 1.82
64 3.15 17.08 -2.49 -0.76 -31.85 -14.79 2.60
65 3.2 16.25 -2.67 -0.78 -32.02 -15.79 2.78
66 3.25 15.39 -2.33 -0.64 -32.25 -16.88 2.41
67 3.3 14.23 -1.56 -0.40 -32.44 -18.21 1.61
68 3.35 12.51 -0.34 -0.08 -32.29 -19.78 0.35
69 3.4 10.11 1.30 0.23 -31.37 -21.26 -1.32
70 3.45 7.39 2.95 0.38 -29.61 -22.22 -2.97
71 3.5 8.95 4.20 0.66 -34.00 -25.07 -4.25
72 3.55 15.49 4.94 1.37 -44.26 -28.83 -5.12
73 3.6 22.97 5.13 2.17 -52.75 -29.88 -5.57
74 3.65 28.82 4.89 2.68 -55.65 -26.94 -5.57
75 3.7 30.97 4.40 2.64 -50.91 -20.04 -5.13
76 3.75 29.34 3.71 2.08 -40.52 -11.25 -4.25
77 3.8 25.04 2.70 1.26 -28.21 -3.19 -2.98
78 3.85 22.11 1.24 0.50 -23.39 -1.29 -1.34
79 3.9 21.69 -0.54 -0.22 -26.74 -5.05 0.58
80 3.95 20.69 -2.26 -0.85 -28.63 -7.96 2.41
81 4 19.54 -3.59 -1.27 -29.46 -9.96 3.81
82 4.05 18.54 -4.44 -1.49 -29.81 -11.33 4.68
83 4.1 17.76 -4.80 -1.54 -30.10 -12.40 5.04
84 4.15 17.10 -4.82 -1.48 -30.47 -13.44 5.04
85 4.2 16.38 -4.58 -1.35 -30.94 -14.62 4.78
86 4.25 15.49 -4.01 -1.11 -31.51 -16.06 4.16
87 4.3 14.29 -2.97 -0.76 -32.04 -17.77 3.07
88 4.35 12.59 -1.46 -0.33 -32.19 -19.60 1.49
89 4.4 10.28 0.39 0.07 -31.53 -21.24 -0.40
90 4.45 7.66 2.18 0.29 -29.96 -22.31 -2.19
91 4.5 9.21 3.57 0.58 -34.36 -25.17 -3.62
92 4.55 15.65 4.46 1.25 -44.49 -28.89 -4.63
93 4.6 23.08 4.74 2.02 -52.91 -29.92 -5.15
94 4.65 28.92 4.56 2.51 -55.77 -26.95 -5.20
95 4.7 31.06 4.14 2.49 -50.99 -20.02 -4.83
96 4.75 29.38 3.53 1.98 -40.57 -11.25 -4.05
97 4.8 25.08 2.55 1.19 -28.25 -3.20 -2.82
98 4.85 22.12 1.10 0.45 -23.38 -1.26 -1.19
99 4.9 21.69 -0.66 -0.26 -26.69 -5.00 0.71
100 4.95 20.68 -2.35 -0.89 -28.58 -7.92 2.51
101 5 19.53 -3.66 -1.30 -29.42 -9.93 3.89
102 5.05 18.53 -4.51 -1.51 -29.76 -11.29 4.76
103 5.1 17.75 -4.87 -1.56 -30.04 -12.35 5.12
104 5.15 17.09 -4.87 -1.50 -30.43 -13.40 5.10
105 5.2 16.37 -4.63 -1.36 -30.91 -14.59 4.82
106 5.25 15.49 -4.07 -1.13 -31.47 -16.03 4.22
107 5.3 14.31 -3.04 -0.78 -32.01 -17.73 3.14
108 5.35 12.62 -1.52 -0.34 -32.19 -19.57 1.56
109 5.4 10.32 0.32 0.06 -31.55 -21.22 -0.33
110 5.45 7.73 2.08 0.28 -30.02 -22.30 -2.10
111 5.5 9.31 3.45 0.57 -34.45 -25.16 -3.50
112 5.55 15.77 4.32 1.22 -44.58 -28.86 -4.48
113 5.6 23.21 4.57 1.96 -52.99 -29.86 -4.97
114 5.65 29.06 4.34 2.41 -55.82 -26.84 -4.96
115 5.7 31.22 3.87 2.35 -51.00 -19.85 -4.53
116 5.75 29.55 3.20 1.81 -40.48 -10.98 -3.68
117 5.8 25.20 2.14 1.01 -27.96 -2.78 -2.37
118 5.85 22.19 0.58 0.24 -22.81 -0.62 -0.62
119 5.9 21.79 -1.33 -0.53 -25.95 -4.17 1.43
120 5.95 20.80 -3.19 -1.21 -27.60 -6.83 3.41
121 6 19.66 -4.73 -1.69 -28.12 -8.53 5.02
122 6.05 18.65 -5.87 -1.98 -28.07 -9.52 6.20
123 6.1 17.89 -6.62 -2.13 -27.90 -10.13 6.95
124 6.15 17.32 -7.09 -2.20 -27.76 -10.57 7.42
125 6.2 16.86 -7.42 -2.24 -27.65 -10.94 7.75
126 6.25 16.54 -7.55 -2.24 -27.70 -11.30 7.87
127 6.3 16.38 -7.41 -2.17 -28.02 -11.78 7.72
128 6.35 16.29 -7.03 -2.05 -28.59 -12.43 7.32
129 6.4 16.18 -6.47 -1.87 -29.31 -13.24 6.74
130 6.45 16.04 -5.67 -1.63 -30.17 -14.21 5.90
131 6.5 15.86 -4.49 -1.27 -31.15 -15.34 4.66
132 6.55 15.50 -2.87 -0.80 -32.05 -16.57 2.98
133 6.6 14.86 -0.91 -0.24 -32.57 -17.71 0.94
134 6.65 13.95 1.13 0.28 -32.48 -18.54 -1.16
135 6.7 12.92 2.98 0.68 -31.87 -18.97 -3.06
136 6.75 13.74 4.42 1.08 -34.49 -20.79 -4.55
137 6.8 16.87 5.42 1.64 -41.07 -24.28 -5.66
138 6.85 20.56 6.03 2.26 -48.04 -27.59 -6.44
139 6.9 23.76 6.36 2.79 -53.27 -29.66 -6.95
140 6.95 25.69 6.44 3.09 -55.33 -29.82 -7.14
141 7 25.72 6.22 2.99 -53.27 -27.71 -6.89
142 7.05 24.16 5.70 2.55 -48.07 -24.04 -6.24
143 7.1 21.57 4.94 1.95 -41.14 -19.65 -5.31
144 7.15 18.84 3.88 1.32 -34.49 -15.69 -4.10
145 7.2 17.58 2.41 0.76 -31.69 -14.12 -2.53
146 7.25 17.66 0.54 0.17 -32.09 -14.43 -0.57
147 7.3 17.56 -1.45 -0.46 -31.99 -14.43 1.52
148 7.35 17.29 -3.25 -1.01 -31.43 -14.17 3.40
