1 0 -0.26 0.00 -0.00 0.57 -0.31 -0.00
2 0.5 -0.28 0.00 -0.00 0.57 -0.29 -0.00
3 1 -0.29 0.00 -0.00 0.57 -0.28 -0.00
4 1.5 -0.29 0.00 -0.00 0.57 -0.28 -0.00
5 2 -0.29 0.00 -0.00 0.57 -0.28 -0.00
6 2.5 -0.29 0.00 -0.00 0.57 -0.27 -0.00
7 3 -0.30 0.00 -0.00 0.56 -0.27 -0.00
8 3.5 -0.30 0.00 -0.00 0.56 -0.26 -0.00
9 4 -0.30 0.00 -0.00 0.56 -0.27 -0.00
10 4.5 -0.30 0.00 -0.00 0.56 -0.27 -0.00
11 5 -0.30 0.00 -0.00 0.56 -0.26 -0.00
12 5.5 -0.30 0.00 -0.00 0.56 -0.26 -0.00
13 6 -0.30 0.00 -0.00 0.56 -0.26 -0.00
14 6.5 -0.30 0.00 -0.00 0.56 -0.26 -0.00
15 7 -0.30 0.00 -0.00 0.56 -0.26 -0.00
16 7.5 -0.31 0.00 -0.00 0.56 -0.26 -0.00
17 8 -0.30 0.00 -0.00 0.56 -0.26 -0.00
18 8.5 -0.30 0.00 -0.00 0.56 -0.26 -0.00
19 9 -0.30 0.00 -0.00 0.56 -0.26 -0.00
20 9.5 -0.31 0.00 -0.00 0.56 -0.26 -0.00
21 10 -0.30 0.00 -0.00 0.56 -0.26 -0.00
22 10.5 -0.30 0.00 -0.00 0.56 -0.26 -0.00
23 11 -0.30 0.00 -0.00 0.56 -0.26 -0.00
24 11.5 -0.31 0.00 -0.00 0.56 -0.26 -0.00
25 12 -0.31 0.00 -0.00 0.56 -0.26 -0.00
26 12.5 -0.30 0.00 -0.00 0.56 -0.26 -0.00
27 13 -0.30 0.00 -0.00 0.56 -0.26 -0.00
28 13.5 -0.31 0.00 -0.00 0.56 -0.26 -0.00
29 14 -0.31 0.00 -0.00 0.56 -0.26 -0.00
30 14.5 -0.30 0.01 -0.00 0.56 -0.26 -0.01
31 15 -0.31 0.01 -0.00 0.56 -0.26 -0.01
32 15.5 -0.31 0.01 -0.00 0.56 -0.26 -0.01
33 16 -0.31 0.01 -0.00 0.56 -0.26 -0.01
34 16.5 -0.30 0.01 -0.00 0.56 -0.26 -0.01
35 17 -0.30 0.01 -0.00 0.56 -0.26 -0.01
36 17.5 -0.31 0.01 -0.00 0.56 -0.26 -0.01
37 18 -0.31 0.02 -0.01 0.56 -0.26 -0.02
38 18.5 -0.30 0.02 -0.01 0.56 -0.26 -0.02
39 19 -0.30 0.02 -0.01 0.56 -0.26 -0.03
40 19.5 -0.30 0.03 -0.01 0.56 -0.25 -0.03
41 20 -0.30 0.04 -0.01 0.56 -0.25 -0.04
42 20.5 -0.30 0.04 -0.01 0.55 -0.25 -0.05
43 21 -0.30 0.05 -0.02 0.55 -0.25 -0.05
44 21.5 -0.30 0.06 -0.02 0.55 -0.25 -0.06
45 22 -0.30 0.06 -0.02 0.55 -0.25 -0.06
46 22.5 -0.30 0.06 -0.02 0.55 -0.25 -0.07
47 23 -0.30 0.06 -0.02 0.55 -0.25 -0.07
48 23.5 -0.29 0.06 -0.02 0.55 -0.26 -0.06
49 24 -0.29 0.05 -0.01 0.56 -0.27 -0.05
50 24.5 -0.29 0.03 -0.01 0.56 -0.28 -0.03
51 25 -0.28 0.00 -0.00 0.57 -0.29 -0.00
52 25.5 -0.27 -0.03 0.01 0.57 -0.29 0.03
53 26 -0.26 -0.06 0.01 0.56 -0.30 0.06
54 26.5 -0.31 -0.07 0.02 0.66 -0.35 0.08
55 27 -0.40 -0.08 0.04 0.83 -0.43 0.09
56 27.5 -0.48 -0.09 0.05 0.95 -0.48 0.10
57 28 -0.50 -0.08 0.05 0.95 -0.45 0.10
58 28.5 -0.46 -0.08 0.04 0.82 -0.36 0.09
59 29 -0.38 -0.06 0.03 0.64 -0.25 0.07
60 29.5 -0.33 -0.04 0.02 0.54 -0.20 0.05
61 30 -0.33 -0.02 0.01 0.55 -0.22 0.02
62 30.5 -0.32 0.01 -0.00 0.55 -0.23 -0.01
63 31 -0.31 0.03 -0.01 0.56 -0.24 -0.03
64 31.5 -0.30 0.04 -0.01 0.55 -0.25 -0.05
65 32 -0.30 0.05 -0.01 0.56 -0.26 -0.05
66 32.5 -0.29 0.04 -0.01 0.56 -0.27 -0.04
67 33 -0.28 0.03 -0.01 0.57 -0.28 -0.03
68 33.5 -0.27 0.01 -0.00 0.57 -0.30 -0.01
69 34 -0.25 -0.02 0.01 0.57 -0.32 0.02
70 34.5 -0.23 -0.05 0.01 0.56 -0.33 0.05
71 35 -0.26 -0.07 0.02 0.63 -0.38 0.07
72 35.5 -0.35 -0.08 0.03 0.79 -0.44 0.09
73 36 -0.44 -0.09 0.04 0.92 -0.48 0.10
74 36.5 -0.50 -0.09 0.05 0.97 -0.47 0.10
75 37 -0.51 -0.08 0.04 0.91 -0.40 0.09
76 37.5 -0.47 -0.07 0.03 0.76 -0.29 0.07
77 38 -0.40 -0.05 0.02 0.59 -0.19 0.05
78 38.5 -0.36 -0.02 0.01 0.51 -0.15 0.02
79 39 -0.35 0.01 -0.00 0.53 -0.18 -0.01
80 39.5 -0.34 0.04 -0.01 0.53 -0.20 -0.04
81 40 -0.32 0.06 -0.02 0.53 -0.21 -0.07
82 40.5 -0.31 0.08 -0.03 0.53 -0.22 -0.08
83 41 -0.30 0.08 -0.03 0.53 -0.23 -0.09
84 41.5 -0.30 0.08 -0.03 0.53 -0.23 -0.09
85 42 -0.29 0.08 -0.02 0.54 -0.24 -0.08
86 42.5 -0.29 0.07 -0.02 0.55 -0.26 -0.07
87 43 -0.28 0.05 -0.01 0.56 -0.28 -0.05
88 43.5 -0.27 0.03 -0.01 0.57 -0.30 -0.03
89 44 -0.25 -0.01 0.00 0.57 -0.32 0.01
90 44.5 -0.23 -0.04 0.01 0.56 -0.33 0.04
91 45 -0.26 -0.06 0.02 0.64 -0.38 0.06
92 45.5 -0.35 -0.08 0.03 0.79 -0.44 0.08
93 46 -0.44 -0.08 0.04 0.92 -0.48 0.09
94 46.5 -0.51 -0.08 0.04 0.97 -0.47 0.09
95 47 -0.51 -0.07 0.04 0.91 -0.40 0.08
96 47.5 -0.47 -0.06 0.03 0.76 -0.29 0.07
97 48 -0.40 -0.05 0.02 0.59 -0.19 0.05
98 48.5 -0.36 -0.02 0.01 0.51 -0.15 0.02
99 49 -0.35 0.01 -0.00 0.53 -0.18 -0.01
100 49.5 -0.34 0.04 -0.01 0.53 -0.20 -0.04
101 50 -0.32 0.06 -0.02 0.53 -0.21 -0.07
102 50.5 -0.31 0.08 -0.03 0.53 -0.22 -0.08
103 51 -0.30 0.08 -0.03 0.53 -0.22 -0.09
104 51.5 -0.30 0.08 -0.03 0.53 -0.23 -0.09
105 52 -0.29 0.08 -0.02 0.54 -0.24 -0.08
106 52.5 -0.29 0.07 -0.02 0.55 -0.26 -0.07
107 53 -0.28 0.05 -0.02 0.56 -0.28 -0.06
108 53.5 -0.27 0.03 -0.01 0.57 -0.30 -0.03
109 54 -0.25 -0.01 0.00 0.57 -0.32 0.01
110 54.5 -0.23 -0.04 0.01 0.56 -0.33 0.04
111 55 -0.26 -0.06 0.02 0.64 -0.38 0.06
112 55.5 -0.35 -0.07 0.03 0.79 -0.44 0.08
113 56 -0.44 -0.08 0.04 0.92 -0.48 0.09
114 56.5 -0.51 -0.08 0.04 0.97 -0.47 0.09
115 57 -0.52 -0.07 0.04 0.91 -0.40 0.08
116 57.5 -0.47 -0.06 0.03 0.76 -0.29 0.06
117 58 -0.41 -0.04 0.02 0.59 -0.18 0.04
118 58.5 -0.36 -0.01 0.00 0.51 -0.15 0.01
119 59 -0.35 0.02 -0.01 0.52 -0.17 -0.02
120 59.5 -0.34 0.06 -0.02 0.52 -0.19 -0.06
121 60 -0.32 0.08 -0.03 0.52 -0.20 -0.09
122 60.5 -0.31 0.10 -0.03 0.51 -0.20 -0.11
123 61 -0.30 0.12 -0.04 0.50 -0.20 -0.12
124 61.5 -0.29 0.12 -0.04 0.49 -0.20 -0.13
125 62 -0.29 0.13 -0.04 0.49 -0.20 -0.13
126 62.5 -0.28 0.13 -0.04 0.49 -0.20 -0.14
127 63 -0.28 0.13 -0.04 0.49 -0.21 -0.13
128 63.5 -0.28 0.12 -0.04 0.50 -0.22 -0.13
129 64 -0.29 0.11 -0.03 0.51 -0.23 -0.12
130 64.5 -0.29 0.10 -0.03 0.52 -0.24 -0.10
131 65 -0.29 0.08 -0.02 0.54 -0.25 -0.08
132 65.5 -0.29 0.05 -0.01 0.56 -0.27 -0.05
133 66 -0.28 0.02 -0.00 0.57 -0.28 -0.02
134 66.5 -0.28 -0.02 0.01 0.57 -0.29 0.02
135 67 -0.27 -0.05 0.01 0.56 -0.29 0.05
136 67.5 -0.29 -0.08 0.02 0.61 -0.32 0.08
137 68 -0.34 -0.09 0.03 0.72 -0.38 0.10
138 68.5 -0.40 -0.10 0.04 0.84 -0.44 0.11
139 69 -0.45 -0.11 0.05 0.93 -0.48 0.12
140 69.5 -0.47 -0.11 0.06 0.96 -0.49 0.12
141 70 -0.47 -0.11 0.05 0.93 -0.46 0.12
142 70.5 -0.43 -0.10 0.05 0.84 -0.41 0.11
143 71 -0.38 -0.09 0.03 0.72 -0.34 0.09
144 71.5 -0.33 -0.07 0.02 0.60 -0.27 0.07
145 72 -0.31 -0.04 0.01 0.55 -0.25 0.04
146 72.5 -0.31 -0.01 0.00 0.56 -0.25 0.01
147 73 -0.31 0.03 -0.01 0.56 -0.25 -0.03
148 73.5 -0.30 0.06 -0.02 0.55 -0.25 -0.06
