1 0 15.04 0.00 0.00 -32.62 -17.59 -0.00
2 0.02 15.25 0.01 0.00 -32.62 -17.37 -0.01
3 0.04 15.57 0.03 0.01 -32.60 -17.04 -0.03
4 0.06 15.81 0.05 0.01 -32.58 -16.77 -0.05
5 0.08 15.92 0.05 0.02 -32.57 -16.64 -0.06
6 0.1 15.98 0.06 0.02 -32.56 -16.58 -0.06
7 0.12 16.09 0.06 0.02 -32.55 -16.46 -0.07
8 0.14 16.25 0.07 0.02 -32.52 -16.27 -0.08
9 0.16 16.39 0.08 0.02 -32.50 -16.10 -0.08
10 0.18 16.49 0.09 0.03 -32.48 -15.99 -0.09
11 0.2 16.54 0.09 0.03 -32.47 -15.92 -0.09
12 0.22 16.61 0.09 0.03 -32.45 -15.85 -0.10
13 0.24 16.69 0.10 0.03 -32.43 -15.74 -0.10
14 0.26 16.77 0.11 0.03 -32.41 -15.64 -0.11
15 0.28 16.84 0.11 0.03 -32.39 -15.56 -0.11
16 0.3 16.88 0.11 0.03 -32.38 -15.50 -0.12
17 0.32 16.93 0.11 0.03 -32.37 -15.45 -0.12
18 0.34 16.97 0.12 0.04 -32.36 -15.38 -0.12
19 0.36 17.02 0.12 0.04 -32.34 -15.32 -0.13
20 0.38 17.07 0.12 0.04 -32.33 -15.26 -0.13
21 0.4 17.10 0.13 0.04 -32.32 -15.22 -0.13
22 0.42 17.13 0.13 0.04 -32.31 -15.18 -0.13
23 0.44 17.16 0.13 0.04 -32.30 -15.15 -0.14
24 0.46 17.19 0.13 0.04 -32.29 -15.11 -0.14
25 0.48 17.21 0.13 0.04 -32.28 -15.07 -0.14
26 0.5 17.23 0.14 0.04 -32.28 -15.04 -0.14
27 0.52 17.25 0.14 0.04 -32.27 -15.02 -0.14
28 0.54 17.27 0.14 0.04 -32.26 -14.99 -0.14
29 0.56 17.29 0.14 0.04 -32.26 -14.97 -0.15
30 0.58 17.31 0.14 0.04 -32.25 -14.94 -0.15
31 0.6 17.32 0.14 0.04 -32.25 -14.92 -0.15
32 0.62 17.34 0.14 0.04 -32.24 -14.91 -0.15
33 0.64 17.35 0.14 0.05 -32.24 -14.89 -0.15
34 0.66 17.36 0.15 0.05 -32.23 -14.87 -0.15
35 0.68 17.37 0.15 0.05 -32.23 -14.86 -0.15
36 0.7 17.38 0.15 0.05 -32.22 -14.85 -0.15
37 0.72 17.39 0.15 0.05 -32.22 -14.83 -0.16
38 0.74 17.40 0.15 0.05 -32.22 -14.82 -0.16
39 0.76 17.40 0.15 0.05 -32.22 -14.81 -0.16
40 0.78 17.41 0.15 0.05 -32.21 -14.80 -0.16
41 0.8 17.42 0.15 0.05 -32.21 -14.80 -0.16
42 0.82 17.42 0.15 0.05 -32.21 -14.79 -0.16
43 0.84 17.43 0.15 0.05 -32.21 -14.78 -0.16
44 0.86 17.43 0.16 0.05 -32.21 -14.77 -0.16
45 0.88 17.44 0.16 0.05 -32.20 -14.77 -0.16
46 0.9 17.44 0.16 0.05 -32.20 -14.76 -0.17
47 0.92 17.44 0.16 0.05 -32.20 -14.76 -0.17
48 0.94 17.45 0.16 0.05 -32.20 -14.75 -0.17
49 0.96 17.45 0.16 0.05 -32.20 -14.75 -0.17
50 0.98 17.45 0.16 0.05 -32.20 -14.74 -0.17
51 1 17.46 0.16 0.05 -32.20 -14.74 -0.17
52 1.02 17.46 0.17 0.05 -32.20 -14.74 -0.17
53 1.04 17.46 0.17 0.05 -32.19 -14.73 -0.18
54 1.06 17.46 0.17 0.05 -32.19 -14.73 -0.18
55 1.08 17.46 0.17 0.05 -32.19 -14.73 -0.18
56 1.1 17.47 0.17 0.05 -32.19 -14.73 -0.18
57 1.12 17.47 0.18 0.06 -32.19 -14.72 -0.19
58 1.14 17.47 0.18 0.06 -32.19 -14.72 -0.19
59 1.16 17.47 0.18 0.06 -32.19 -14.72 -0.19
60 1.18 17.47 0.19 0.06 -32.19 -14.72 -0.20
61 1.2 17.47 0.19 0.06 -32.19 -14.72 -0.20
62 1.22 17.47 0.19 0.06 -32.19 -14.72 -0.20
63 1.24 17.47 0.20 0.06 -32.19 -14.72 -0.21
64 1.26 17.47 0.20 0.06 -32.19 -14.71 -0.21
65 1.28 17.47 0.21 0.07 -32.19 -14.71 -0.22
66 1.3 17.47 0.22 0.07 -32.19 -14.71 -0.23
67 1.32 17.48 0.22 0.07 -32.19 -14.71 -0.23
68 1.34 17.48 0.23 0.07 -32.19 -14.71 -0.24
69 1.36 17.48 0.24 0.07 -32.19 -14.71 -0.25
70 1.38 17.48 0.25 0.08 -32.19 -14.71 -0.26
71 1.4 17.48 0.25 0.08 -32.19 -14.71 -0.27
72 1.42 17.48 0.27 0.08 -32.19 -14.71 -0.28
73 1.44 17.48 0.28 0.09 -32.18 -14.71 -0.29
74 1.46 17.48 0.29 0.09 -32.18 -14.71 -0.30
75 1.48 17.47 0.30 0.10 -32.18 -14.71 -0.32
76 1.5 17.47 0.32 0.10 -32.18 -14.71 -0.33
77 1.52 17.47 0.33 0.10 -32.18 -14.71 -0.35
78 1.54 17.47 0.35 0.11 -32.18 -14.71 -0.37
79 1.56 17.47 0.37 0.12 -32.18 -14.71 -0.39
80 1.58 17.47 0.39 0.12 -32.18 -14.71 -0.41
81 1.6 17.47 0.41 0.13 -32.18 -14.71 -0.43
82 1.62 17.47 0.44 0.14 -32.18 -14.71 -0.46
83 1.64 17.46 0.47 0.15 -32.18 -14.71 -0.49
84 1.66 17.46 0.50 0.16 -32.18 -14.72 -0.52
85 1.68 17.46 0.53 0.17 -32.18 -14.72 -0.56
86 1.7 17.46 0.57 0.18 -32.17 -14.72 -0.59
87 1.72 17.45 0.61 0.19 -32.17 -14.72 -0.64
88 1.74 17.45 0.65 0.20 -32.17 -14.72 -0.68
89 1.76 17.44 0.70 0.22 -32.17 -14.72 -0.73
90 1.78 17.44 0.75 0.24 -32.16 -14.72 -0.79
91 1.8 17.43 0.81 0.25 -32.16 -14.73 -0.85
92 1.82 17.42 0.87 0.27 -32.15 -14.73 -0.91
93 1.84 17.42 0.94 0.29 -32.14 -14.73 -0.98
94 1.86 17.41 1.02 0.32 -32.14 -14.73 -1.06
95 1.88 17.40 1.10 0.34 -32.13 -14.73 -1.15
96 1.9 17.38 1.19 0.37 -32.12 -14.73 -1.24
97 1.92 17.37 1.29 0.40 -32.10 -14.74 -1.35
98 1.94 17.35 1.40 0.44 -32.09 -14.74 -1.46
99 1.96 17.34 1.52 0.47 -32.07 -14.74 -1.59
100 1.98 17.31 1.65 0.51 -32.04 -14.73 -1.72
101 2 17.60 1.79 0.57 -32.61 -15.01 -1.87
102 2.02 18.42 1.93 0.64 -34.17 -15.76 -2.04
103 2.04 19.62 2.08 0.74 -36.43 -16.82 -2.21
104 2.06 21.07 2.23 0.86 -39.09 -18.04 -2.39
105 2.08 22.65 2.38 0.99 -41.92 -19.29 -2.58
106 2.1 24.28 2.52 1.14 -44.74 -20.49 -2.76
107 2.12 25.88 2.65 1.29 -47.42 -21.57 -2.95
108 2.14 27.38 2.78 1.44 -49.84 -22.49 -3.13
109 2.16 28.75 2.89 1.59 -51.92 -23.21 -3.30
110 2.18 29.93 2.99 1.72 -53.56 -23.68 -3.45
111 2.2 30.86 3.08 1.84 -54.68 -23.87 -3.59
112 2.22 31.51 3.15 1.93 -55.20 -23.74 -3.69
113 2.24 31.80 3.20 1.98 -55.02 -23.27 -3.77
114 2.26 31.74 3.24 2.00 -54.14 -22.46 -3.81
115 2.28 31.35 3.25 1.98 -52.67 -21.37 -3.81
116 2.3 30.67 3.24 1.92 -50.68 -20.06 -3.77
117 2.32 29.75 3.20 1.83 -48.27 -18.57 -3.69
118 2.34 28.61 3.13 1.71 -45.52 -16.96 -3.56
119 2.36 27.31 3.02 1.56 -42.54 -15.28 -3.39
120 2.38 25.89 2.86 1.39 -39.45 -13.59 -3.18
121 2.4 24.43 2.65 1.20 -36.40 -11.99 -2.91
122 2.42 23.03 2.37 1.01 -33.59 -10.58 -2.58
123 2.44 21.79 2.03 0.81 -31.29 -9.51 -2.19
124 2.46 20.89 1.61 0.61 -29.84 -8.96 -1.72
125 2.48 20.46 1.10 0.41 -29.56 -9.11 -1.18
126 2.5 20.28 0.52 0.19 -29.93 -9.65 -0.56
127 2.52 20.07 -0.12 -0.04 -30.25 -10.18 0.13
128 2.54 19.82 -0.79 -0.28 -30.49 -10.67 0.84
129 2.56 19.53 -1.46 -0.52 -30.64 -11.12 1.55
130 2.58 19.21 -2.10 -0.73 -30.72 -11.52 2.22
131 2.6 18.89 -2.69 -0.92 -30.74 -11.87 2.84
132 2.62 18.57 -3.21 -1.08 -30.70 -12.16 3.38
133 2.64 18.28 -3.66 -1.21 -30.64 -12.40 3.85
134 2.66 18.01 -4.04 -1.31 -30.56 -12.60 4.24
135 2.68 17.77 -4.35 -1.39 -30.47 -12.76 4.57
136 2.7 17.56 -4.60 -1.45 -30.40 -12.90 4.83
137 2.72 17.37 -4.80 -1.50 -30.34 -13.04 5.03
138 2.74 17.20 -4.95 -1.53 -30.31 -13.18 5.18
139 2.76 17.04 -5.04 -1.54 -30.32 -13.35 5.27
140 2.78 16.88 -5.08 -1.54 -30.35 -13.54 5.31
141 2.8 16.74 -5.08 -1.53 -30.42 -13.76 5.30
142 2.82 16.59 -5.03 -1.50 -30.53 -14.00 5.25
143 2.84 16.44 -4.93 -1.45 -30.66 -14.29 5.14
144 2.86 16.27 -4.79 -1.40 -30.83 -14.62 4.99
145 2.88 16.09 -4.60 -1.32 -31.02 -14.98 4.78
146 2.9 15.89 -4.35 -1.24 -31.23 -15.38 4.52
147 2.92 15.68 -4.05 -1.14 -31.46 -15.82 4.20
148 2.94 15.44 -3.68 -1.02 -31.69 -16.29 3.82
149 2.96 15.16 -3.25 -0.88 -31.92 -16.78 3.37
150 2.98 14.85 -2.75 -0.73 -32.13 -17.30 2.84
151 3 14.50 -2.16 -0.56 -32.31 -17.83 2.23
152 3.02 14.09 -1.51 -0.38 -32.44 -18.35 1.56
153 3.04 13.64 -0.82 -0.20 -32.48 -18.84 0.85
154 3.06 13.15 -0.12 -0.03 -32.43 -19.29 0.13
155 3.08 12.61 0.55 0.12 -32.30 -19.69 -0.56
156 3.1 12.07 1.15 0.25 -32.10 -20.03 -1.17
157 3.12 12.55 1.66 0.37 -33.55 -21.00 -1.70
158 3.14 14.64 2.08 0.54 -37.42 -22.78 -2.15
159 3.16 17.64 2.41 0.77 -42.31 -24.68 -2.53
160 3.18 21.03 2.64 1.01 -47.19 -26.18 -2.83
161 3.2 24.44 2.77 1.26 -51.38 -26.98 -3.05
162 3.22 27.53 2.82 1.47 -54.38 -26.89 -3.18
163 3.24 30.01 2.79 1.61 -55.77 -25.80 -3.22
164 3.26 31.54 2.70 1.65 -55.13 -23.63 -3.16
165 3.28 31.98 2.55 1.59 -52.45 -20.51 -3.01
166 3.3 31.43 2.37 1.45 -48.16 -16.76 -2.77
167 3.32 30.01 2.14 1.23 -42.66 -12.67 -2.47
168 3.34 27.89 1.85 0.98 -36.44 -8.57 -2.09
169 3.36 25.39 1.49 0.71 -30.26 -4.88 -1.65
170 3.38 23.13 1.05 0.45 -25.51 -2.38 -1.14
171 3.4 22.09 0.51 0.21 -24.38 -2.29 -0.55
172 3.42 21.93 -0.11 -0.05 -25.69 -3.76 0.12
173 3.44 21.65 -0.78 -0.31 -26.80 -5.15 0.84
174 3.46 21.29 -1.44 -0.56 -27.70 -6.42 1.55
175 3.48 20.86 -2.07 -0.79 -28.39 -7.54 2.22
176 3.5 20.41 -2.63 -0.98 -28.89 -8.50 2.81
177 3.52 19.97 -3.11 -1.13 -29.26 -9.32 3.31
178 3.54 19.55 -3.51 -1.24 -29.52 -10.01 3.72
179 3.56 19.16 -3.84 -1.33 -29.71 -10.60 4.07
180 3.58 18.80 -4.12 -1.40 -29.85 -11.10 4.35
181 3.6 18.46 -4.33 -1.45 -29.97 -11.56 4.57
182 3.62 18.15 -4.49 -1.47 -30.09 -12.00 4.72
183 3.64 17.85 -4.59 -1.48 -30.22 -12.43 4.82
184 3.66 17.56 -4.63 -1.46 -30.37 -12.87 4.86
185 3.68 17.27 -4.63 -1.44 -30.54 -13.33 4.84
186 3.7 16.98 -4.57 -1.39 -30.73 -13.80 4.78
187 3.72 16.67 -4.46 -1.33 -30.93 -14.31 4.66
188 3.74 16.34 -4.31 -1.26 -31.15 -14.86 4.49
189 3.76 15.97 -4.10 -1.17 -31.37 -15.44 4.26
190 3.78 15.57 -3.83 -1.07 -31.59 -16.06 3.98
191 3.8 15.12 -3.51 -0.95 -31.80 -16.71 3.64
192 3.82 14.62 -3.12 -0.81 -31.99 -17.39 3.22
193 3.84 14.05 -2.66 -0.66 -32.14 -18.10 2.74
194 3.86 13.39 -2.11 -0.50 -32.21 -18.83 2.17
195 3.88 12.65 -1.48 -0.33 -32.20 -19.56 1.52
196 3.9 11.80 -0.78 -0.16 -32.06 -20.26 0.80
197 3.92 10.87 -0.03 -0.01 -31.77 -20.90 0.03
198 3.94 9.87 0.74 0.13 -31.33 -21.46 -0.75
199 3.96 8.83 1.49 0.23 -30.73 -21.91 -1.51
200 3.98 7.78 2.18 0.30 -30.03 -22.26 -2.20
201 4 7.48 2.79 0.37 -30.43 -22.96 -2.82
202 4.02 8.47 3.33 0.50 -32.77 -24.31 -3.36
203 4.04 10.41 3.78 0.69 -36.32 -25.94 -3.85
204 4.06 12.94 4.16 0.96 -40.41 -27.51 -4.27
205 4.08 15.80 4.46 1.26 -44.54 -28.78 -4.64
206 4.1 18.80 4.68 1.59 -48.34 -29.61 -4.95
207 4.12 21.76 4.82 1.92 -51.55 -29.88 -5.19
208 4.14 24.54 4.88 2.22 -53.97 -29.53 -5.36
209 4.16 26.98 4.87 2.47 -55.40 -28.52 -5.46
210 4.18 28.94 4.79 2.64 -55.66 -26.83 -5.47
211 4.2 30.27 4.66 2.72 -54.60 -24.44 -5.40
212 4.22 30.94 4.50 2.69 -52.36 -21.53 -5.24
213 4.24 30.98 4.31 2.58 -49.13 -18.25 -5.02
214 4.26 30.42 4.08 2.39 -45.09 -14.75 -4.73
215 4.28 29.33 3.83 2.15 -40.44 -11.18 -4.39
216 4.3 27.79 3.53 1.86 -35.42 -7.69 -3.98
217 4.32 25.95 3.17 1.54 -30.41 -4.50 -3.53
218 4.34 24.07 2.75 1.23 -26.01 -1.97 -3.01
219 4.36 22.61 2.24 0.93 -23.23 -0.64 -2.43
220 4.38 22.06 1.65 0.67 -23.22 -1.17 -1.78
221 4.4 22.02 0.98 0.40 -24.75 -2.74 -1.06
222 4.42 21.85 0.28 0.11 -26.08 -4.23 -0.30
223 4.44 21.57 -0.45 -0.18 -27.17 -5.60 0.48
224 4.46 21.21 -1.15 -0.45 -28.04 -6.83 1.24
225 4.48 20.79 -1.80 -0.68 -28.69 -7.91 1.92
226 4.5 20.35 -2.37 -0.88 -29.17 -8.84 2.53
227 4.52 19.91 -2.87 -1.04 -29.52 -9.63 3.05
228 4.54 19.49 -3.29 -1.16 -29.75 -10.29 3.49
229 4.56 19.11 -3.64 -1.26 -29.92 -10.85 3.86
230 4.58 18.75 -3.94 -1.33 -30.04 -11.34 4.16
231 4.6 18.42 -4.17 -1.39 -30.15 -11.78 4.39
232 4.62 18.11 -4.34 -1.42 -30.25 -12.20 4.56
233 4.64 17.81 -4.45 -1.43 -30.37 -12.61 4.67
234 4.66 17.52 -4.50 -1.42 -30.50 -13.04 4.72
235 4.68 17.23 -4.51 -1.40 -30.65 -13.47 4.72
236 4.7 16.94 -4.46 -1.36 -30.82 -13.93 4.66
237 4.72 16.63 -4.36 -1.30 -31.01 -14.43 4.55
238 4.74 16.30 -4.21 -1.23 -31.22 -14.96 4.39
239 4.76 15.94 -4.01 -1.14 -31.43 -15.53 4.17
240 4.78 15.54 -3.75 -1.04 -31.64 -16.14 3.90
241 4.8 15.09 -3.44 -0.93 -31.84 -16.78 3.56
242 4.82 14.59 -3.05 -0.79 -32.02 -17.45 3.15
243 4.84 14.01 -2.59 -0.65 -32.15 -18.16 2.67
244 4.86 13.36 -2.05 -0.49 -32.22 -18.88 2.11
245 4.88 12.61 -1.43 -0.32 -32.20 -19.59 1.46
246 4.9 11.77 -0.73 -0.15 -32.05 -20.29 0.74
247 4.92 10.84 0.02 0.00 -31.76 -20.92 -0.02
248 4.94 9.84 0.79 0.14 -31.31 -21.47 -0.80
249 4.96 8.79 1.54 0.24 -30.71 -21.92 -1.56
250 4.98 7.74 2.23 0.30 -30.00 -22.26 -2.25
251 5 7.45 2.84 0.37 -30.40 -22.96 -2.86
252 5.02 8.45 3.37 0.50 -32.74 -24.31 -3.40
253 5.04 10.38 3.82 0.70 -36.30 -25.94 -3.88
254 5.06 12.92 4.20 0.96 -40.39 -27.51 -4.31
255 5.08 15.79 4.50 1.27 -44.52 -28.78 -4.68
256 5.1 18.79 4.72 1.60 -48.32 -29.60 -4.99
257 5.12 21.75 4.86 1.94 -51.54 -29.87 -5.23
258 5.14 24.53 4.92 2.24 -53.96 -29.52 -5.40
259 5.16 26.98 4.90 2.49 -55.39 -28.52 -5.50
260 5.18 28.94 4.83 2.66 -55.64 -26.82 -5.51
261 5.2 30.26 4.70 2.74 -54.58 -24.43 -5.44
262 5.22 30.94 4.54 2.71 -52.34 -21.51 -5.29
263 5.24 30.98 4.34 2.60 -49.11 -18.23 -5.06
264 5.26 30.42 4.12 2.42 -45.07 -14.73 -4.78
265 5.28 29.33 3.87 2.17 -40.41 -11.15 -4.43
266 5.3 27.78 3.57 1.88 -35.38 -7.65 -4.03
267 5.32 25.94 3.22 1.57 -30.36 -4.46 -3.58
268 5.34 24.07 2.80 1.25 -25.95 -1.92 -3.07
269 5.36 22.60 2.30 0.96 -23.16 -0.58 -2.49
270 5.38 22.06 1.71 0.69 -23.15 -1.10 -1.84
271 5.4 22.02 1.05 0.42 -24.69 -2.67 -1.13
272 5.42 21.86 0.34 0.14 -26.02 -4.16 -0.37
273 5.44 21.59 -0.37 -0.15 -27.12 -5.53 0.40
274 5.46 21.24 -1.07 -0.42 -28.00 -6.77 1.15
275 5.48 20.83 -1.71 -0.65 -28.66 -7.85 1.83
276 5.5 20.40 -2.27 -0.84 -29.15 -8.78 2.43
277 5.52 19.97 -2.76 -1.00 -29.51 -9.56 2.94
278 5.54 19.56 -3.17 -1.13 -29.75 -10.22 3.37
279 5.56 19.19 -3.51 -1.22 -29.93 -10.78 3.72
280 5.58 18.84 -3.79 -1.29 -30.07 -11.26 4.01
281 5.6 18.53 -4.01 -1.34 -30.18 -11.70 4.23
282 5.62 18.23 -4.16 -1.37 -30.30 -12.11 4.38
283 5.64 17.95 -4.26 -1.38 -30.42 -12.52 4.48
284 5.66 17.68 -4.30 -1.37 -30.57 -12.94 4.51
285 5.68 17.41 -4.28 -1.34 -30.73 -13.37 4.48
286 5.7 17.14 -4.21 -1.30 -30.91 -13.82 4.41
287 5.72 16.85 -4.09 -1.24 -31.12 -14.31 4.27
288 5.74 16.54 -3.91 -1.16 -31.33 -14.83 4.08
289 5.76 16.20 -3.68 -1.07 -31.56 -15.39 3.84
290 5.78 15.83 -3.39 -0.96 -31.78 -15.98 3.53
291 5.8 15.41 -3.04 -0.84 -31.99 -16.60 3.16
292 5.82 14.94 -2.62 -0.70 -32.18 -17.26 2.71
293 5.84 14.39 -2.12 -0.54 -32.32 -17.94 2.19
294 5.86 13.77 -1.53 -0.38 -32.40 -18.63 1.58
295 5.88 13.06 -0.86 -0.20 -32.38 -19.31 0.88
296 5.9 12.26 -0.10 -0.02 -32.23 -19.97 0.11
297 5.92 11.37 0.71 0.14 -31.93 -20.55 -0.72
298 5.94 10.42 1.54 0.28 -31.46 -21.05 -1.57
299 5.96 9.42 2.36 0.39 -30.86 -21.44 -2.39
300 5.98 8.42 3.13 0.46 -30.14 -21.73 -3.16
301 6 7.75 3.83 0.52 -29.86 -22.13 -3.86
302 6.02 7.69 4.45 0.60 -30.51 -22.84 -4.49
303 6.04 8.15 5.02 0.72 -31.93 -23.81 -5.07
304 6.06 9.04 5.52 0.88 -33.93 -24.93 -5.59
305 6.08 10.25 5.98 1.08 -36.31 -26.11 -6.07
306 6.1 11.69 6.38 1.32 -38.88 -27.27 -6.52
307 6.12 13.28 6.73 1.59 -41.52 -28.34 -6.92
308 6.14 14.96 7.03 1.87 -44.11 -29.26 -7.27
309 6.16 16.69 7.28 2.17 -46.56 -30.00 -7.59
310 6.18 18.41 7.47 2.48 -48.79 -30.54 -7.87
311 6.2 20.09 7.61 2.77 -50.73 -30.83 -8.10
312 6.22 21.68 7.71 3.05 -52.34 -30.87 -8.29
313 6.24 23.14 7.75 3.30 -53.56 -30.64 -8.42
314 6.26 24.44 7.76 3.51 -54.33 -30.12 -8.51
315 6.28 25.53 7.72 3.67 -54.58 -29.30 -8.54
316 6.3 26.36 7.64 3.77 -54.28 -28.18 -8.51
317 6.32 26.93 7.53 3.81 -53.47 -26.79 -8.44
318 6.34 27.27 7.40 3.80 -52.21 -25.19 -8.31
319 6.36 27.36 7.23 3.73 -50.54 -23.41 -8.13
320 6.38 27.24 7.04 3.61 -48.53 -21.52 -7.91
321 6.4 26.90 6.83 3.45 -46.23 -19.53 -7.65
322 6.42 26.37 6.59 3.26 -43.69 -17.51 -7.35
323 6.44 25.67 6.32 3.03 -40.99 -15.48 -7.00
324 6.46 24.84 6.01 2.78 -38.21 -13.51 -6.62
325 6.48 23.92 5.67 2.51 -35.45 -11.66 -6.20
326 6.5 22.97 5.28 2.23 -32.86 -10.00 -5.73
327 6.52 22.06 4.84 1.96 -30.62 -8.64 -5.22
328 6.54 21.29 4.35 1.69 -28.93 -7.70 -4.66
329 6.56 20.77 3.79 1.43 -28.04 -7.32 -4.05
330 6.58 20.57 3.16 1.18 -28.15 -7.61 -3.37
331 6.6 20.54 2.47 0.92 -28.77 -8.25 -2.63
332 6.62 20.47 1.73 0.64 -29.32 -8.86 -1.84
333 6.64 20.34 0.96 0.35 -29.78 -9.44 -1.02
334 6.66 20.17 0.17 0.06 -30.13 -9.96 -0.18
335 6.68 19.95 -0.61 -0.22 -30.37 -10.42 0.65
336 6.7 19.69 -1.36 -0.49 -30.50 -10.82 1.44
337 6.72 19.41 -2.07 -0.73 -30.54 -11.15 2.20
338 6.74 19.12 -2.73 -0.95 -30.51 -11.41 2.89
339 6.76 18.83 -3.32 -1.13 -30.42 -11.62 3.51
340 6.78 18.56 -3.84 -1.29 -30.28 -11.77 4.05
341 6.8 18.31 -4.30 -1.42 -30.13 -11.88 4.53
342 6.82 18.08 -4.70 -1.53 -29.96 -11.94 4.94
343 6.84 17.88 -5.04 -1.62 -29.80 -11.98 5.29
344 6.86 17.71 -5.33 -1.70 -29.64 -12.00 5.59
345 6.88 17.56 -5.57 -1.76 -29.50 -12.02 5.84
346 6.9 17.44 -5.76 -1.81 -29.38 -12.03 6.04
347 6.92 17.34 -5.90 -1.84 -29.29 -12.05 6.18
348 6.94 17.25 -6.01 -1.86 -29.24 -12.08 6.29
349 6.96 17.19 -6.06 -1.87 -29.21 -12.12 6.35
350 6.98 17.15 -6.08 -1.87 -29.22 -12.17 6.36
351 7 17.12 -6.06 -1.86 -29.27 -12.25 6.34
352 7.02 17.10 -6.00 -1.84 -29.35 -12.34 6.27
353 7.04 17.10 -5.89 -1.81 -29.46 -12.45 6.16
354 7.06 17.11 -5.74 -1.76 -29.61 -12.58 6.01
355 7.08 17.14 -5.55 -1.71 -29.79 -12.74 5.81
356 7.1 17.17 -5.32 -1.64 -30.00 -12.90 5.56
357 7.12 17.22 -5.03 -1.56 -30.23 -13.09 5.26
358 7.14 17.27 -4.69 -1.46 -30.49 -13.28 4.91
359 7.16 17.33 -4.30 -1.34 -30.76 -13.48 4.50
360 7.18 17.39 -3.84 -1.20 -31.04 -13.69 4.02
361 7.2 17.46 -3.32 -1.04 -31.32 -13.89 3.48
362 7.22 17.53 -2.72 -0.86 -31.58 -14.08 2.86
363 7.24 17.59 -2.06 -0.65 -31.81 -14.24 2.16
364 7.26 17.63 -1.32 -0.42 -31.99 -14.36 1.39
365 7.28 17.65 -0.54 -0.17 -32.10 -14.44 0.57
366 7.3 17.64 0.27 0.09 -32.12 -14.48 -0.28
367 7.32 17.60 1.08 0.34 -32.05 -14.46 -1.13
368 7.34 17.52 1.86 0.59 -31.90 -14.40 -1.95
369 7.36 17.41 2.59 0.81 -31.69 -14.31 -2.71
