1 0 15.01 0.00 0.00 -32.62 -17.61 -0.00
2 0.05 15.08 0.00 0.00 -32.62 -17.54 -0.00
3 0.1 15.22 0.01 0.00 -32.62 -17.40 -0.01
4 0.15 15.37 0.02 0.01 -32.61 -17.24 -0.02
5 0.2 15.50 0.03 0.01 -32.61 -17.11 -0.03
6 0.25 15.59 0.03 0.01 -32.60 -17.01 -0.04
7 0.3 15.65 0.04 0.01 -32.60 -16.94 -0.04
8 0.35 15.71 0.04 0.01 -32.59 -16.88 -0.04
9 0.4 15.79 0.05 0.01 -32.58 -16.80 -0.05
10 0.45 15.87 0.05 0.01 -32.58 -16.71 -0.05
11 0.5 15.95 0.05 0.02 -32.57 -16.61 -0.06
12 0.55 16.03 0.06 0.02 -32.56 -16.53 -0.06
13 0.6 16.09 0.06 0.02 -32.55 -16.46 -0.07
14 0.65 16.15 0.07 0.02 -32.54 -16.39 -0.07
15 0.7 16.20 0.07 0.02 -32.53 -16.33 -0.07
16 0.75 16.26 0.07 0.02 -32.52 -16.27 -0.08
17 0.8 16.31 0.08 0.02 -32.51 -16.20 -0.08
18 0.85 16.37 0.08 0.02 -32.50 -16.14 -0.08
19 0.9 16.42 0.08 0.02 -32.49 -16.08 -0.09
20 0.95 16.46 0.09 0.03 -32.48 -16.02 -0.09
21 1 16.51 0.09 0.03 -32.47 -15.97 -0.09
22 1.05 16.55 0.09 0.03 -32.46 -15.92 -0.09
23 1.1 16.59 0.09 0.03 -32.46 -15.87 -0.10
24 1.15 16.63 0.10 0.03 -32.45 -15.82 -0.10
25 1.2 16.66 0.10 0.03 -32.44 -15.77 -0.10
26 1.25 16.70 0.10 0.03 -32.43 -15.73 -0.10
27 1.3 16.73 0.10 0.03 -32.42 -15.69 -0.11
28 1.35 16.77 0.10 0.03 -32.41 -15.65 -0.11
29 1.4 16.80 0.11 0.03 -32.41 -15.61 -0.11
30 1.45 16.83 0.11 0.03 -32.40 -15.57 -0.11
31 1.5 16.86 0.11 0.03 -32.39 -15.53 -0.12
32 1.55 16.88 0.11 0.03 -32.38 -15.50 -0.12
33 1.6 16.91 0.11 0.03 -32.38 -15.47 -0.12
34 1.65 16.93 0.12 0.04 -32.37 -15.44 -0.12
35 1.7 16.96 0.12 0.04 -32.36 -15.41 -0.12
36 1.75 16.98 0.12 0.04 -32.36 -15.38 -0.12
37 1.8 17.00 0.12 0.04 -32.35 -15.35 -0.13
38 1.85 17.02 0.12 0.04 -32.34 -15.32 -0.13
39 1.9 17.04 0.12 0.04 -32.34 -15.30 -0.13
40 1.95 17.06 0.12 0.04 -32.33 -15.27 -0.13
41 2 17.08 0.12 0.04 -32.33 -15.25 -0.13
42 2.05 17.10 0.13 0.04 -32.32 -15.22 -0.13
43 2.1 17.11 0.13 0.04 -32.32 -15.20 -0.13
44 2.15 17.13 0.13 0.04 -32.31 -15.18 -0.13
45 2.2 17.14 0.13 0.04 -32.31 -15.16 -0.14
46 2.25 17.16 0.13 0.04 -32.30 -15.14 -0.14
47 2.3 17.17 0.13 0.04 -32.30 -15.12 -0.14
48 2.35 17.19 0.13 0.04 -32.29 -15.11 -0.14
49 2.4 17.20 0.13 0.04 -32.29 -15.09 -0.14
50 2.45 17.21 0.13 0.04 -32.28 -15.07 -0.14
51 2.5 17.22 0.13 0.04 -32.28 -15.06 -0.14
52 2.55 17.23 0.14 0.04 -32.28 -15.04 -0.14
53 2.6 17.24 0.14 0.04 -32.27 -15.03 -0.14
54 2.65 17.25 0.14 0.04 -32.27 -15.01 -0.14
55 2.7 17.26 0.14 0.04 -32.27 -15.00 -0.14
56 2.75 17.27 0.14 0.04 -32.26 -14.99 -0.15
57 2.8 17.28 0.14 0.04 -32.26 -14.98 -0.15
58 2.85 17.29 0.14 0.04 -32.26 -14.97 -0.15
59 2.9 17.30 0.14 0.04 -32.25 -14.95 -0.15
60 2.95 17.31 0.14 0.04 -32.25 -14.94 -0.15
61 3 17.31 0.14 0.04 -32.25 -14.93 -0.15
62 3.05 17.32 0.14 0.04 -32.25 -14.92 -0.15
63 3.1 17.33 0.14 0.04 -32.24 -14.91 -0.15
64 3.15 17.34 0.14 0.04 -32.24 -14.91 -0.15
65 3.2 17.34 0.14 0.05 -32.24 -14.90 -0.15
66 3.25 17.35 0.14 0.05 -32.24 -14.89 -0.15
67 3.3 17.35 0.15 0.05 -32.23 -14.88 -0.15
68 3.35 17.36 0.15 0.05 -32.23 -14.87 -0.15
69 3.4 17.36 0.15 0.05 -32.23 -14.87 -0.15
70 3.45 17.37 0.15 0.05 -32.23 -14.86 -0.15
71 3.5 17.37 0.15 0.05 -32.23 -14.85 -0.15
72 3.55 17.38 0.15 0.05 -32.23 -14.85 -0.16
73 3.6 17.38 0.15 0.05 -32.22 -14.84 -0.16
74 3.65 17.39 0.15 0.05 -32.22 -14.83 -0.16
75 3.7 17.39 0.15 0.05 -32.22 -14.83 -0.16
76 3.75 17.40 0.15 0.05 -32.22 -14.82 -0.16
77 3.8 17.40 0.15 0.05 -32.22 -14.82 -0.16
78 3.85 17.40 0.15 0.05 -32.22 -14.81 -0.16
79 3.9 17.41 0.15 0.05 -32.21 -14.81 -0.16
80 3.95 17.41 0.15 0.05 -32.21 -14.80 -0.16
81 4 17.41 0.15 0.05 -32.21 -14.80 -0.16
82 4.05 17.42 0.15 0.05 -32.21 -14.80 -0.16
83 4.1 17.42 0.15 0.05 -32.21 -14.79 -0.16
84 4.15 17.42 0.15 0.05 -32.21 -14.79 -0.16
85 4.2 17.42 0.15 0.05 -32.21 -14.78 -0.16
86 4.25 17.43 0.16 0.05 -32.21 -14.78 -0.16
87 4.3 17.43 0.16 0.05 -32.21 -14.78 -0.16
88 4.35 17.43 0.16 0.05 -32.21 -14.77 -0.16
89 4.4 17.43 0.16 0.05 -32.20 -14.77 -0.16
90 4.45 17.44 0.16 0.05 -32.20 -14.77 -0.16
91 4.5 17.44 0.16 0.05 -32.20 -14.77 -0.17
92 4.55 17.44 0.16 0.05 -32.20 -14.76 -0.17
93 4.6 17.44 0.16 0.05 -32.20 -14.76 -0.17
94 4.65 17.44 0.16 0.05 -32.20 -14.76 -0.17
95 4.7 17.45 0.16 0.05 -32.20 -14.76 -0.17
96 4.75 17.45 0.16 0.05 -32.20 -14.75 -0.17
97 4.8 17.45 0.16 0.05 -32.20 -14.75 -0.17
98 4.85 17.45 0.16 0.05 -32.20 -14.75 -0.17
99 4.9 17.45 0.16 0.05 -32.20 -14.75 -0.17
100 4.95 17.45 0.16 0.05 -32.20 -14.74 -0.17
101 5 17.45 0.16 0.05 -32.20 -14.74 -0.17
102 5.05 17.46 0.17 0.05 -32.20 -14.74 -0.17
103 5.1 17.46 0.17 0.05 -32.20 -14.74 -0.17
104 5.15 17.46 0.17 0.05 -32.20 -14.74 -0.18
105 5.2 17.46 0.17 0.05 -32.20 -14.74 -0.18
106 5.25 17.46 0.17 0.05 -32.19 -14.73 -0.18
107 5.3 17.46 0.17 0.05 -32.19 -14.73 -0.18
108 5.35 17.46 0.17 0.05 -32.19 -14.73 -0.18
109 5.4 17.46 0.17 0.05 -32.19 -14.73 -0.18
110 5.45 17.46 0.17 0.05 -32.19 -14.73 -0.18
111 5.5 17.46 0.17 0.05 -32.19 -14.73 -0.18
112 5.55 17.47 0.18 0.06 -32.19 -14.73 -0.18
113 5.6 17.47 0.18 0.06 -32.19 -14.73 -0.19
114 5.65 17.47 0.18 0.06 -32.19 -14.73 -0.19
115 5.7 17.47 0.18 0.06 -32.19 -14.72 -0.19
116 5.75 17.47 0.18 0.06 -32.19 -14.72 -0.19
117 5.8 17.47 0.18 0.06 -32.19 -14.72 -0.19
118 5.85 17.47 0.18 0.06 -32.19 -14.72 -0.19
119 5.9 17.47 0.19 0.06 -32.19 -14.72 -0.20
120 5.95 17.47 0.19 0.06 -32.19 -14.72 -0.20
121 6 17.47 0.19 0.06 -32.19 -14.72 -0.20
122 6.05 17.47 0.19 0.06 -32.19 -14.72 -0.20
123 6.1 17.47 0.19 0.06 -32.19 -14.72 -0.20
124 6.15 17.47 0.20 0.06 -32.19 -14.72 -0.21
125 6.2 17.47 0.20 0.06 -32.19 -14.72 -0.21
126 6.25 17.47 0.20 0.06 -32.19 -14.72 -0.21
127 6.3 17.47 0.20 0.06 -32.19 -14.72 -0.21
128 6.35 17.47 0.21 0.06 -32.19 -14.72 -0.22
129 6.4 17.47 0.21 0.07 -32.19 -14.71 -0.22
130 6.45 17.47 0.21 0.07 -32.19 -14.71 -0.22
131 6.5 17.47 0.21 0.07 -32.19 -14.71 -0.22
132 6.55 17.47 0.22 0.07 -32.19 -14.71 -0.23
133 6.6 17.47 0.22 0.07 -32.19 -14.71 -0.23
134 6.65 17.47 0.22 0.07 -32.19 -14.71 -0.23
135 6.7 17.47 0.23 0.07 -32.19 -14.71 -0.24
136 6.75 17.47 0.23 0.07 -32.19 -14.71 -0.24
137 6.8 17.47 0.24 0.07 -32.19 -14.71 -0.25
138 6.85 17.47 0.24 0.08 -32.19 -14.71 -0.25
139 6.9 17.47 0.24 0.08 -32.19 -14.71 -0.26
140 6.95 17.47 0.25 0.08 -32.19 -14.71 -0.26
141 7 17.47 0.25 0.08 -32.19 -14.71 -0.26
142 7.05 17.47 0.26 0.08 -32.19 -14.71 -0.27
143 7.1 17.47 0.26 0.08 -32.19 -14.71 -0.28
144 7.15 17.47 0.27 0.08 -32.19 -14.71 -0.28
145 7.2 17.47 0.27 0.09 -32.19 -14.71 -0.29
146 7.25 17.47 0.28 0.09 -32.19 -14.71 -0.29
147 7.3 17.47 0.29 0.09 -32.19 -14.71 -0.30
148 7.35 17.47 0.29 0.09 -32.18 -14.71 -0.31
149 7.4 17.47 0.30 0.09 -32.18 -14.71 -0.31
150 7.45 17.47 0.31 0.10 -32.18 -14.71 -0.32
151 7.5 17.47 0.31 0.10 -32.18 -14.71 -0.33
152 7.55 17.47 0.32 0.10 -32.18 -14.71 -0.34
153 7.6 17.47 0.33 0.10 -32.18 -14.71 -0.34
154 7.65 17.47 0.34 0.11 -32.18 -14.71 -0.35
155 7.7 17.47 0.35 0.11 -32.18 -14.71 -0.36
156 7.75 17.47 0.35 0.11 -32.18 -14.71 -0.37
157 7.8 17.47 0.36 0.11 -32.18 -14.71 -0.38
158 7.85 17.47 0.37 0.12 -32.18 -14.71 -0.39
159 7.9 17.47 0.38 0.12 -32.18 -14.71 -0.40
160 7.95 17.47 0.39 0.12 -32.18 -14.71 -0.41
161 8 17.47 0.41 0.13 -32.18 -14.71 -0.43
162 8.05 17.47 0.42 0.13 -32.18 -14.71 -0.44
163 8.1 17.47 0.43 0.14 -32.18 -14.72 -0.45
164 8.15 17.46 0.44 0.14 -32.18 -14.72 -0.47
165 8.2 17.46 0.46 0.14 -32.18 -14.72 -0.48
166 8.25 17.46 0.47 0.15 -32.18 -14.72 -0.49
167 8.3 17.46 0.49 0.15 -32.18 -14.72 -0.51
168 8.35 17.46 0.50 0.16 -32.18 -14.72 -0.53
169 8.4 17.46 0.52 0.16 -32.18 -14.72 -0.54
170 8.45 17.46 0.54 0.17 -32.18 -14.72 -0.56
171 8.5 17.46 0.55 0.17 -32.17 -14.72 -0.58
172 8.55 17.45 0.57 0.18 -32.17 -14.72 -0.60
173 8.6 17.45 0.59 0.19 -32.17 -14.72 -0.62
174 8.65 17.45 0.61 0.19 -32.17 -14.72 -0.64
175 8.7 17.45 0.63 0.20 -32.17 -14.72 -0.66
176 8.75 17.45 0.66 0.21 -32.17 -14.72 -0.69
177 8.8 17.44 0.68 0.21 -32.17 -14.73 -0.71
178 8.85 17.44 0.70 0.22 -32.17 -14.73 -0.74
179 8.9 17.44 0.73 0.23 -32.16 -14.73 -0.76
180 8.95 17.44 0.76 0.24 -32.16 -14.73 -0.79
181 9 17.43 0.78 0.25 -32.16 -14.73 -0.82
182 9.05 17.43 0.81 0.26 -32.16 -14.73 -0.85
183 9.1 17.43 0.84 0.26 -32.15 -14.73 -0.88
184 9.15 17.42 0.88 0.27 -32.15 -14.73 -0.92
185 9.2 17.42 0.91 0.29 -32.15 -14.73 -0.95
186 9.25 17.41 0.94 0.30 -32.15 -14.73 -0.99
187 9.3 17.41 0.98 0.31 -32.14 -14.73 -1.03
188 9.35 17.40 1.02 0.32 -32.14 -14.74 -1.07
189 9.4 17.40 1.06 0.33 -32.13 -14.74 -1.11
190 9.45 17.39 1.10 0.35 -32.13 -14.74 -1.15
191 9.5 17.39 1.15 0.36 -32.12 -14.74 -1.20
192 9.55 17.38 1.19 0.37 -32.12 -14.74 -1.25
193 9.6 17.38 1.24 0.39 -32.11 -14.74 -1.30
194 9.65 17.37 1.29 0.40 -32.10 -14.74 -1.35
195 9.7 17.36 1.34 0.42 -32.09 -14.74 -1.41
196 9.75 17.35 1.40 0.44 -32.09 -14.74 -1.46
197 9.8 17.34 1.46 0.45 -32.08 -14.74 -1.53
198 9.85 17.33 1.52 0.47 -32.07 -14.74 -1.59
199 9.9 17.32 1.58 0.49 -32.05 -14.74 -1.65
200 9.95 17.31 1.65 0.51 -32.04 -14.74 -1.72
201 10 17.38 1.71 0.54 -32.18 -14.81 -1.80
202 10.05 17.60 1.78 0.57 -32.61 -15.02 -1.87
203 10.1 17.95 1.86 0.60 -33.28 -15.34 -1.95
204 10.15 18.42 1.93 0.64 -34.17 -15.76 -2.03
205 10.2 18.98 2.00 0.69 -35.23 -16.26 -2.12
206 10.25 19.63 2.08 0.74 -36.42 -16.81 -2.21
207 10.3 20.33 2.15 0.80 -37.72 -17.40 -2.30
208 10.35 21.08 2.23 0.86 -39.08 -18.02 -2.39
209 10.4 21.86 2.30 0.92 -40.49 -18.64 -2.48
210 10.45 22.67 2.37 0.99 -41.91 -19.27 -2.57
211 10.5 23.48 2.44 1.06 -43.34 -19.88 -2.67
212 10.55 24.30 2.52 1.13 -44.74 -20.47 -2.76
213 10.6 25.10 2.58 1.21 -46.10 -21.03 -2.85
214 10.65 25.89 2.65 1.29 -47.42 -21.55 -2.95
215 10.7 26.66 2.72 1.36 -48.66 -22.03 -3.04
216 10.75 27.40 2.78 1.44 -49.84 -22.47 -3.13
217 10.8 28.11 2.84 1.51 -50.92 -22.85 -3.22
218 10.85 28.77 2.89 1.59 -51.91 -23.18 -3.30
219 10.9 29.38 2.95 1.66 -52.79 -23.45 -3.38
220 10.95 29.95 3.00 1.73 -53.55 -23.65 -3.46
221 11 30.45 3.05 1.79 -54.18 -23.78 -3.53
222 11.05 30.88 3.09 1.85 -54.67 -23.84 -3.60
223 11.1 31.24 3.13 1.90 -55.01 -23.82 -3.66
224 11.15 31.53 3.17 1.94 -55.19 -23.71 -3.71
225 11.2 31.72 3.20 1.98 -55.19 -23.52 -3.76
226 11.25 31.82 3.23 2.00 -55.00 -23.24 -3.80
227 11.3 31.83 3.25 2.02 -54.64 -22.87 -3.82
228 11.35 31.75 3.27 2.02 -54.12 -22.43 -3.84
229 11.4 31.59 3.28 2.02 -53.45 -21.91 -3.85
230 11.45 31.36 3.29 2.00 -52.64 -21.34 -3.85
231 11.5 31.06 3.30 1.98 -51.70 -20.70 -3.85
232 11.55 30.68 3.29 1.95 -50.65 -20.02 -3.83
233 11.6 30.25 3.28 1.91 -49.49 -19.29 -3.80
234 11.65 29.76 3.26 1.86 -48.23 -18.53 -3.76
235 11.7 29.21 3.24 1.81 -46.89 -17.73 -3.71
236 11.75 28.62 3.20 1.75 -45.48 -16.91 -3.65
237 11.8 27.99 3.16 1.68 -44.01 -16.07 -3.57
238 11.85 27.32 3.10 1.60 -42.49 -15.22 -3.49
239 11.9 26.62 3.04 1.52 -40.95 -14.37 -3.40
240 11.95 25.90 2.96 1.44 -39.39 -13.53 -3.29
241 12 25.17 2.87 1.35 -37.84 -12.70 -3.17
242 12.05 24.44 2.76 1.26 -36.32 -11.91 -3.03
243 12.1 23.72 2.64 1.16 -34.87 -11.17 -2.89
244 12.15 23.04 2.51 1.07 -33.50 -10.49 -2.73
245 12.2 22.39 2.36 0.97 -32.26 -9.89 -2.55
246 12.25 21.81 2.19 0.87 -31.19 -9.41 -2.35
247 12.3 21.30 2.00 0.78 -30.34 -9.04 -2.14
248 12.35 20.91 1.79 0.68 -29.73 -8.84 -1.91
249 12.4 20.63 1.56 0.59 -29.43 -8.81 -1.67
250 12.45 20.49 1.31 0.49 -29.45 -8.97 -1.40
251 12.5 20.41 1.04 0.39 -29.65 -9.24 -1.11
252 12.55 20.33 0.75 0.28 -29.83 -9.50 -0.80
253 12.6 20.24 0.45 0.16 -30.01 -9.77 -0.47
254 12.65 20.14 0.13 0.05 -30.16 -10.03 -0.14
255 12.7 20.03 -0.20 -0.07 -30.31 -10.28 0.21
256 12.75 19.90 -0.52 -0.19 -30.43 -10.53 0.56
257 12.8 19.77 -0.86 -0.31 -30.53 -10.76 0.91
258 12.85 19.63 -1.19 -0.42 -30.61 -10.99 1.26
259 12.9 19.48 -1.51 -0.53 -30.68 -11.21 1.60
260 12.95 19.32 -1.83 -0.64 -30.72 -11.41 1.94
261 13 19.16 -2.14 -0.75 -30.75 -11.60 2.27
262 13.05 19.00 -2.44 -0.84 -30.76 -11.77 2.58
263 13.1 18.84 -2.73 -0.93 -30.76 -11.94 2.88
264 13.15 18.68 -3.00 -1.01 -30.74 -12.09 3.16
265 13.2 18.52 -3.25 -1.09 -30.71 -12.22 3.42
266 13.25 18.37 -3.48 -1.15 -30.68 -12.34 3.66
267 13.3 18.23 -3.69 -1.22 -30.64 -12.45 3.89
268 13.35 18.10 -3.89 -1.27 -30.60 -12.55 4.09
269 13.4 17.97 -4.07 -1.32 -30.55 -12.63 4.28
270 13.45 17.85 -4.24 -1.36 -30.51 -12.71 4.45
271 13.5 17.74 -4.39 -1.40 -30.46 -12.78 4.61
272 13.55 17.63 -4.52 -1.44 -30.42 -12.85 4.74
273 13.6 17.53 -4.64 -1.46 -30.38 -12.92 4.87
274 13.65 17.43 -4.75 -1.49 -30.35 -12.99 4.98
275 13.7 17.34 -4.84 -1.51 -30.33 -13.05 5.07
276 13.75 17.25 -4.92 -1.53 -30.31 -13.13 5.15
277 13.8 17.16 -4.99 -1.54 -30.30 -13.20 5.22
278 13.85 17.08 -5.04 -1.55 -30.29 -13.28 5.28
279 13.9 17.00 -5.09 -1.55 -30.30 -13.36 5.32
280 13.95 16.92 -5.12 -1.55 -30.31 -13.45 5.35
281 14 16.85 -5.13 -1.55 -30.33 -13.55 5.36
282 14.05 16.77 -5.14 -1.55 -30.36 -13.66 5.37
283 14.1 16.70 -5.13 -1.54 -30.40 -13.77 5.36
284 14.15 16.62 -5.12 -1.52 -30.44 -13.89 5.34
285 14.2 16.54 -5.09 -1.51 -30.50 -14.02 5.31
286 14.25 16.46 -5.05 -1.49 -30.56 -14.16 5.26
287 14.3 16.38 -5.00 -1.47 -30.63 -14.31 5.21
288 14.35 16.30 -4.94 -1.44 -30.71 -14.47 5.14
289 14.4 16.21 -4.86 -1.41 -30.79 -14.64 5.06
290 14.45 16.12 -4.78 -1.38 -30.88 -14.82 4.97
291 14.5 16.03 -4.68 -1.34 -30.98 -15.00 4.87
292 14.55 15.93 -4.56 -1.30 -31.08 -15.20 4.75
293 14.6 15.83 -4.44 -1.26 -31.19 -15.41 4.61
294 14.65 15.72 -4.30 -1.21 -31.30 -15.62 4.47
295 14.7 15.61 -4.15 -1.16 -31.41 -15.84 4.30
296 14.75 15.49 -3.98 -1.10 -31.53 -16.07 4.13
297 14.8 15.37 -3.79 -1.04 -31.64 -16.31 3.93
298 14.85 15.23 -3.59 -0.98 -31.76 -16.56 3.72
299 14.9 15.09 -3.37 -0.91 -31.87 -16.81 3.49
300 14.95 14.94 -3.13 -0.84 -31.98 -17.06 3.24
301 15 14.79 -2.88 -0.76 -32.09 -17.32 2.97
302 15.05 14.62 -2.60 -0.68 -32.18 -17.58 2.69
303 15.1 14.44 -2.30 -0.59 -32.27 -17.84 2.38
304 15.15 14.25 -1.99 -0.51 -32.34 -18.10 2.05
305 15.2 14.05 -1.66 -0.42 -32.40 -18.36 1.71
306 15.25 13.83 -1.32 -0.33 -32.44 -18.61 1.36
307 15.3 13.61 -0.97 -0.24 -32.46 -18.85 1.00
308 15.35 13.37 -0.63 -0.15 -32.45 -19.09 0.64
309 15.4 13.11 -0.28 -0.07 -32.42 -19.31 0.29
310 15.45 12.85 0.06 0.01 -32.37 -19.52 -0.06
311 15.5 12.58 0.38 0.09 -32.30 -19.72 -0.39
312 15.55 12.31 0.69 0.15 -32.21 -19.91 -0.71
313 15.6 12.03 0.99 0.21 -32.11 -20.08 -1.01
314 15.65 12.03 1.26 0.27 -32.44 -20.42 -1.29
315 15.7 12.52 1.51 0.33 -33.56 -21.05 -1.55
316 15.75 13.41 1.73 0.41 -35.29 -21.89 -1.78
317 15.8 14.61 1.93 0.50 -37.44 -22.83 -2.00
318 15.85 16.04 2.11 0.61 -39.83 -23.80 -2.20
319 15.9 17.63 2.26 0.72 -42.34 -24.72 -2.38
320 15.95 19.31 2.39 0.84 -44.83 -25.54 -2.54
321 16 21.03 2.50 0.96 -47.22 -26.21 -2.68
322 16.05 22.75 2.58 1.08 -49.44 -26.71 -2.80
323 16.1 24.43 2.64 1.20 -51.41 -27.01 -2.90
324 16.15 26.03 2.68 1.31 -53.09 -27.10 -2.98
325 16.2 27.51 2.70 1.40 -54.42 -26.94 -3.04
326 16.25 28.84 2.70 1.48 -55.34 -26.54 -3.08
327 16.3 29.97 2.68 1.54 -55.81 -25.88 -3.09
328 16.35 30.87 2.64 1.58 -55.78 -24.94 -3.07
329 16.4 31.49 2.59 1.59 -55.18 -23.73 -3.04
330 16.45 31.84 2.53 1.57 -54.08 -22.27 -2.98
331 16.5 31.93 2.46 1.53 -52.52 -20.62 -2.89
332 16.55 31.77 2.37 1.47 -50.56 -18.82 -2.79
333 16.6 31.38 2.28 1.39 -48.25 -16.90 -2.67
334 16.65 30.77 2.17 1.29 -45.64 -14.89 -2.53
335 16.7 29.96 2.06 1.19 -42.78 -12.84 -2.37
336 16.75 28.97 1.92 1.07 -39.74 -10.79 -2.20
337 16.8 27.84 1.78 0.94 -36.60 -8.78 -2.01
338 16.85 26.62 1.61 0.81 -33.47 -6.86 -1.80
339 16.9 25.36 1.42 0.67 -30.47 -5.12 -1.57
340 16.95 24.15 1.21 0.54 -27.82 -3.68 -1.33
341 17 23.11 0.98 0.42 -25.76 -2.66 -1.06
342 17.05 22.38 0.72 0.29 -24.61 -2.24 -0.77
343 17.1 22.07 0.43 0.17 -24.64 -2.57 -0.47
344 17.15 21.99 0.12 0.05 -25.30 -3.31 -0.13
345 17.2 21.88 -0.20 -0.08 -25.92 -4.03 0.21
346 17.25 21.75 -0.53 -0.21 -26.49 -4.74 0.57
347 17.3 21.59 -0.87 -0.34 -27.00 -5.42 0.94
348 17.35 21.41 -1.21 -0.47 -27.46 -6.06 1.29
349 17.4 21.21 -1.53 -0.59 -27.87 -6.67 1.64
350 17.45 21.00 -1.84 -0.71 -28.22 -7.24 1.97
351 17.5 20.78 -2.14 -0.81 -28.53 -7.77 2.28
352 17.55 20.55 -2.41 -0.90 -28.79 -8.25 2.57
353 17.6 20.33 -2.67 -0.99 -29.01 -8.70 2.84
354 17.65 20.12 -2.90 -1.06 -29.19 -9.10 3.09
355 17.7 19.90 -3.12 -1.13 -29.34 -9.47 3.32
356 17.75 19.70 -3.33 -1.19 -29.47 -9.80 3.53
357 17.8 19.50 -3.51 -1.24 -29.57 -10.11 3.72
358 17.85 19.31 -3.68 -1.29 -29.67 -10.40 3.90
359 17.9 19.13 -3.83 -1.33 -29.75 -10.67 4.06
360 17.95 18.94 -3.97 -1.36 -29.83 -10.93 4.20
361 18 18.77 -4.09 -1.39 -29.90 -11.17 4.32
362 18.05 18.60 -4.20 -1.41 -29.96 -11.41 4.43
363 18.1 18.44 -4.29 -1.43 -30.03 -11.64 4.52
364 18.15 18.28 -4.37 -1.44 -30.09 -11.87 4.60
365 18.2 18.12 -4.43 -1.45 -30.16 -12.09 4.66
366 18.25 17.97 -4.48 -1.45 -30.23 -12.32 4.71
367 18.3 17.82 -4.52 -1.45 -30.30 -12.54 4.75
368 18.35 17.67 -4.54 -1.45 -30.38 -12.77 4.77
369 18.4 17.52 -4.55 -1.44 -30.46 -13.00 4.77
370 18.45 17.37 -4.55 -1.42 -30.55 -13.24 4.77
371 18.5 17.22 -4.53 -1.40 -30.64 -13.48 4.75
372 18.55 17.06 -4.51 -1.38 -30.73 -13.73 4.71
373 18.6 16.90 -4.47 -1.36 -30.83 -13.98 4.67
374 18.65 16.74 -4.42 -1.33 -30.94 -14.25 4.61
375 18.7 16.57 -4.35 -1.29 -31.04 -14.52 4.54
376 18.75 16.40 -4.27 -1.26 -31.15 -14.80 4.45
377 18.8 16.21 -4.18 -1.22 -31.26 -15.09 4.36
378 18.85 16.02 -4.08 -1.17 -31.37 -15.39 4.24
379 18.9 15.82 -3.96 -1.12 -31.48 -15.70 4.12
380 18.95 15.61 -3.83 -1.07 -31.59 -16.01 3.98
381 19 15.39 -3.68 -1.01 -31.70 -16.34 3.82
382 19.05 15.16 -3.52 -0.95 -31.80 -16.67 3.64
383 19.1 14.91 -3.34 -0.89 -31.89 -17.01 3.45
384 19.15 14.65 -3.14 -0.82 -31.98 -17.36 3.25
385 19.2 14.37 -2.93 -0.75 -32.06 -17.71 3.02
386 19.25 14.07 -2.69 -0.68 -32.13 -18.07 2.78
387 19.3 13.76 -2.44 -0.60 -32.18 -18.43 2.51
388 19.35 13.42 -2.16 -0.52 -32.21 -18.79 2.23
389 19.4 13.07 -1.87 -0.43 -32.22 -19.15 1.92
390 19.45 12.69 -1.55 -0.35 -32.20 -19.51 1.59
391 19.5 12.29 -1.21 -0.26 -32.15 -19.87 1.24
392 19.55 11.86 -0.86 -0.18 -32.07 -20.21 0.87
393 19.6 11.41 -0.49 -0.10 -31.95 -20.54 0.50
394 19.65 10.94 -0.11 -0.02 -31.80 -20.86 0.11
395 19.7 10.45 0.28 0.05 -31.60 -21.15 -0.28
396 19.75 9.95 0.66 0.12 -31.37 -21.42 -0.67
397 19.8 9.43 1.03 0.17 -31.09 -21.67 -1.05
398 19.85 8.90 1.40 0.22 -30.78 -21.89 -1.42
399 19.9 8.37 1.75 0.26 -30.45 -22.08 -1.77
400 19.95 7.84 2.09 0.29 -30.09 -22.25 -2.11
401 20 7.51 2.41 0.32 -30.01 -22.51 -2.43
402 20.05 7.54 2.71 0.36 -30.49 -22.96 -2.73
403 20.1 7.90 2.99 0.41 -31.46 -23.57 -3.02
404 20.15 8.54 3.25 0.49 -32.83 -24.30 -3.29
405 20.2 9.41 3.49 0.58 -34.50 -25.10 -3.54
406 20.25 10.48 3.72 0.69 -36.38 -25.92 -3.78
407 20.3 11.69 3.92 0.81 -38.39 -26.73 -4.00
408 20.35 13.02 4.10 0.95 -40.47 -27.48 -4.21
409 20.4 14.42 4.27 1.10 -42.55 -28.17 -4.41
410 20.45 15.87 4.41 1.25 -44.58 -28.75 -4.59
411 20.5 17.36 4.54 1.42 -46.53 -29.23 -4.75
412 20.55 18.86 4.64 1.58 -48.37 -29.58 -4.90
413 20.6 20.35 4.72 1.75 -50.06 -29.79 -5.04
414 20.65 21.81 4.79 1.91 -51.57 -29.85 -5.15
415 20.7 23.22 4.83 2.07 -52.89 -29.75 -5.25
416 20.75 24.58 4.85 2.22 -53.98 -29.50 -5.33
417 20.8 25.85 4.86 2.35 -54.83 -29.08 -5.40
418 20.85 27.02 4.85 2.47 -55.41 -28.49 -5.44
419 20.9 28.06 4.82 2.56 -55.69 -27.73 -5.46
420 20.95 28.97 4.78 2.64 -55.66 -26.80 -5.46
421 21 29.71 4.72 2.69 -55.28 -25.69 -5.44
422 21.05 30.28 4.66 2.72 -54.59 -24.42 -5.39
423 21.1 30.69 4.59 2.72 -53.61 -23.02 -5.33
424 21.15 30.94 4.51 2.70 -52.35 -21.52 -5.25
425 21.2 31.04 4.42 2.65 -50.85 -19.92 -5.15
426 21.25 30.98 4.32 2.59 -49.12 -18.24 -5.04
427 21.3 30.77 4.22 2.51 -47.19 -16.52 -4.91
428 21.35 30.42 4.11 2.41 -45.08 -14.75 -4.76
429 21.4 29.93 3.99 2.29 -42.82 -12.96 -4.60
430 21.45 29.32 3.86 2.17 -40.43 -11.18 -4.43
431 21.5 28.60 3.72 2.03 -37.94 -9.41 -4.24
432 21.55 27.78 3.57 1.88 -35.40 -7.69 -4.04
433 21.6 26.88 3.41 1.73 -32.87 -6.04 -3.82
434 21.65 25.93 3.23 1.57 -30.39 -4.50 -3.59
435 21.7 24.98 3.03 1.41 -28.06 -3.12 -3.34
436 21.75 24.06 2.82 1.26 -25.99 -1.96 -3.08
437 21.8 23.24 2.58 1.11 -24.31 -1.09 -2.81
438 21.85 22.59 2.32 0.97 -23.19 -0.61 -2.52
439 21.9 22.18 2.04 0.83 -22.77 -0.60 -2.20
440 21.95 22.05 1.74 0.70 -23.16 -1.12 -1.88
441 22 22.05 1.42 0.57 -23.95 -1.91 -1.53
442 22.05 22.02 1.08 0.44 -24.69 -2.68 -1.16
443 22.1 21.95 0.73 0.29 -25.39 -3.44 -0.79
444 22.15 21.86 0.37 0.15 -26.02 -4.17 -0.40
445 22.2 21.74 0.01 0.00 -26.61 -4.87 -0.01
446 22.25 21.59 -0.35 -0.14 -27.13 -5.54 0.37
447 22.3 21.42 -0.70 -0.27 -27.60 -6.19 0.75
448 22.35 21.23 -1.05 -0.41 -28.02 -6.79 1.12
449 22.4 21.03 -1.38 -0.53 -28.38 -7.36 1.48
450 22.45 20.81 -1.70 -0.64 -28.70 -7.89 1.81
451 22.5 20.60 -2.00 -0.75 -28.96 -8.38 2.13
452 22.55 20.37 -2.28 -0.85 -29.19 -8.83 2.43
453 22.6 20.15 -2.54 -0.93 -29.38 -9.24 2.71
454 22.65 19.94 -2.78 -1.01 -29.53 -9.62 2.96
455 22.7 19.73 -3.01 -1.08 -29.66 -9.96 3.19
456 22.75 19.53 -3.21 -1.14 -29.77 -10.27 3.41
457 22.8 19.34 -3.41 -1.19 -29.85 -10.55 3.61
458 22.85 19.15 -3.58 -1.24 -29.93 -10.82 3.79
459 22.9 18.97 -3.74 -1.28 -29.99 -11.07 3.95
460 22.95 18.79 -3.88 -1.32 -30.05 -11.30 4.10
461 23 18.62 -4.01 -1.35 -30.11 -11.53 4.23
462 23.05 18.46 -4.12 -1.37 -30.16 -11.75 4.34
463 23.1 18.30 -4.21 -1.39 -30.21 -11.97 4.43
464 23.15 18.14 -4.29 -1.40 -30.26 -12.18 4.52
465 23.2 17.99 -4.36 -1.41 -30.32 -12.38 4.58
466 23.25 17.84 -4.41 -1.42 -30.38 -12.59 4.63
467 23.3 17.69 -4.45 -1.42 -30.44 -12.80 4.67
468 23.35 17.55 -4.48 -1.41 -30.51 -13.02 4.69
469 23.4 17.40 -4.49 -1.40 -30.58 -13.24 4.70
470 23.45 17.25 -4.49 -1.39 -30.66 -13.46 4.70
471 23.5 17.10 -4.48 -1.38 -30.74 -13.69 4.68
472 23.55 16.95 -4.45 -1.35 -30.83 -13.93 4.65
473 23.6 16.80 -4.41 -1.33 -30.92 -14.17 4.61
474 23.65 16.64 -4.36 -1.30 -31.01 -14.43 4.55
475 23.7 16.47 -4.30 -1.27 -31.11 -14.69 4.48
476 23.75 16.30 -4.23 -1.23 -31.21 -14.96 4.40
477 23.8 16.12 -4.14 -1.19 -31.31 -15.24 4.31
478 23.85 15.93 -4.03 -1.15 -31.42 -15.53 4.19
479 23.9 15.73 -3.92 -1.10 -31.52 -15.83 4.07
480 23.95 15.52 -3.79 -1.05 -31.63 -16.14 3.93
481 24 15.31 -3.64 -1.00 -31.73 -16.45 3.77
482 24.05 15.07 -3.48 -0.94 -31.82 -16.78 3.60
483 24.1 14.83 -3.30 -0.87 -31.91 -17.11 3.41
484 24.15 14.57 -3.10 -0.81 -32.00 -17.45 3.21
485 24.2 14.29 -2.89 -0.74 -32.07 -17.80 2.98
486 24.25 14.00 -2.66 -0.66 -32.13 -18.15 2.74
487 24.3 13.68 -2.41 -0.59 -32.18 -18.50 2.48
488 24.35 13.35 -2.13 -0.51 -32.20 -18.86 2.19
489 24.4 13.00 -1.84 -0.42 -32.21 -19.22 1.88
490 24.45 12.62 -1.52 -0.34 -32.19 -19.57 1.56
491 24.5 12.22 -1.18 -0.26 -32.14 -19.92 1.21
492 24.55 11.79 -0.83 -0.17 -32.05 -20.26 0.84
493 24.6 11.35 -0.46 -0.09 -31.93 -20.59 0.47
494 24.65 10.88 -0.08 -0.01 -31.77 -20.90 0.08
495 24.7 10.39 0.30 0.06 -31.57 -21.19 -0.31
496 24.75 9.88 0.69 0.12 -31.33 -21.45 -0.70
497 24.8 9.36 1.06 0.18 -31.06 -21.70 -1.08
498 24.85 8.84 1.43 0.22 -30.75 -21.91 -1.45
499 24.9 8.31 1.78 0.26 -30.41 -22.10 -1.80
500 24.95 7.79 2.12 0.29 -30.05 -22.27 -2.14
501 25 7.46 2.44 0.32 -29.97 -22.52 -2.46
502 25.05 7.49 2.74 0.36 -30.45 -22.97 -2.76
503 25.1 7.85 3.02 0.42 -31.42 -23.59 -3.05
504 25.15 8.49 3.28 0.49 -32.79 -24.32 -3.32
505 25.2 9.37 3.52 0.58 -34.46 -25.11 -3.57
506 25.25 10.44 3.74 0.69 -36.35 -25.93 -3.81
507 25.3 11.66 3.95 0.81 -38.37 -26.74 -4.03
508 25.35 12.98 4.13 0.95 -40.44 -27.50 -4.24
509 25.4 14.39 4.30 1.10 -42.52 -28.18 -4.44
510 25.45 15.84 4.44 1.26 -44.56 -28.77 -4.62
511 25.5 17.33 4.57 1.42 -46.52 -29.24 -4.78
512 25.55 18.83 4.67 1.59 -48.35 -29.59 -4.93
513 25.6 20.32 4.75 1.76 -50.04 -29.80 -5.07
514 25.65 21.79 4.82 1.92 -51.56 -29.86 -5.18
515 25.7 23.20 4.86 2.08 -52.88 -29.76 -5.28
516 25.75 24.56 4.88 2.23 -53.97 -29.51 -5.37
517 25.8 25.83 4.89 2.36 -54.82 -29.09 -5.43
518 25.85 27.00 4.88 2.48 -55.40 -28.50 -5.47
519 25.9 28.05 4.85 2.58 -55.68 -27.74 -5.49
520 25.95 28.96 4.81 2.66 -55.64 -26.80 -5.49
521 26 29.70 4.76 2.71 -55.27 -25.69 -5.47
522 26.05 30.27 4.69 2.73 -54.58 -24.42 -5.43
523 26.1 30.69 4.62 2.74 -53.60 -23.02 -5.37
524 26.15 30.94 4.54 2.72 -52.34 -21.51 -5.29
525 26.2 31.03 4.45 2.67 -50.84 -19.91 -5.19
526 26.25 30.97 4.36 2.61 -49.11 -18.23 -5.08
527 26.3 30.77 4.26 2.53 -47.17 -16.50 -4.95
528 26.35 30.42 4.15 2.43 -45.06 -14.73 -4.80
529 26.4 29.93 4.03 2.32 -42.79 -12.94 -4.65
530 26.45 29.32 3.90 2.19 -40.40 -11.15 -4.47
531 26.5 28.59 3.76 2.05 -37.91 -9.38 -4.28
532 26.55 27.77 3.61 1.90 -35.37 -7.66 -4.08
533 26.6 26.87 3.45 1.75 -32.82 -6.00 -3.87
534 26.65 25.93 3.27 1.59 -30.34 -4.46 -3.64
535 26.7 24.97 3.08 1.43 -28.01 -3.07 -3.40
536 26.75 24.05 2.87 1.28 -25.93 -1.91 -3.14
537 26.8 23.23 2.63 1.13 -24.24 -1.04 -2.86
538 26.85 22.58 2.38 0.99 -23.12 -0.55 -2.57
539 26.9 22.17 2.10 0.85 -22.70 -0.54 -2.26
540 26.95 22.04 1.80 0.73 -23.09 -1.06 -1.94
541 27 22.05 1.48 0.60 -23.88 -1.85 -1.59
542 27.05 22.02 1.14 0.46 -24.63 -2.62 -1.23
543 27.1 21.96 0.80 0.32 -25.32 -3.37 -0.86
544 27.15 21.87 0.44 0.18 -25.97 -4.10 -0.48
545 27.2 21.75 0.08 0.03 -26.55 -4.80 -0.09
546 27.25 21.61 -0.27 -0.11 -27.08 -5.48 0.29
547 27.3 21.44 -0.62 -0.24 -27.56 -6.12 0.67
548 27.35 21.26 -0.96 -0.38 -27.98 -6.72 1.03
549 27.4 21.06 -1.29 -0.50 -28.35 -7.29 1.39
550 27.45 20.85 -1.61 -0.61 -28.66 -7.82 1.72
551 27.5 20.64 -1.90 -0.72 -28.94 -8.31 2.03
552 27.55 20.42 -2.18 -0.81 -29.17 -8.76 2.33
553 27.6 20.21 -2.44 -0.90 -29.36 -9.17 2.60
554 27.65 20.00 -2.68 -0.97 -29.52 -9.54 2.85
555 27.7 19.80 -2.89 -1.04 -29.65 -9.88 3.08
556 27.75 19.60 -3.10 -1.10 -29.76 -10.19 3.29
557 27.8 19.41 -3.28 -1.16 -29.85 -10.47 3.48
558 27.85 19.23 -3.45 -1.20 -29.93 -10.74 3.65
559 27.9 19.06 -3.60 -1.24 -30.00 -10.99 3.81
560 27.95 18.89 -3.74 -1.28 -30.07 -11.22 3.95
561 28 18.72 -3.86 -1.31 -30.13 -11.45 4.07
562 28.05 18.57 -3.96 -1.33 -30.19 -11.67 4.18
563 28.1 18.41 -4.05 -1.35 -30.25 -11.88 4.27
564 28.15 18.27 -4.12 -1.36 -30.30 -12.09 4.34
565 28.2 18.12 -4.18 -1.37 -30.37 -12.29 4.40
566 28.25 17.98 -4.22 -1.37 -30.43 -12.50 4.44
567 28.3 17.84 -4.25 -1.37 -30.50 -12.71 4.47
568 28.35 17.71 -4.27 -1.36 -30.57 -12.92 4.48
569 28.4 17.57 -4.27 -1.35 -30.65 -13.13 4.48
570 28.45 17.43 -4.26 -1.34 -30.73 -13.35 4.47
571 28.5 17.29 -4.24 -1.32 -30.82 -13.58 4.44
572 28.55 17.15 -4.20 -1.30 -30.91 -13.81 4.40
573 28.6 17.01 -4.15 -1.27 -31.01 -14.05 4.34
574 28.65 16.86 -4.09 -1.24 -31.11 -14.30 4.27
575 28.7 16.70 -4.02 -1.20 -31.22 -14.56 4.19
576 28.75 16.54 -3.93 -1.17 -31.32 -14.82 4.10
577 28.8 16.37 -3.82 -1.12 -31.43 -15.10 3.99
578 28.85 16.20 -3.71 -1.08 -31.54 -15.38 3.86
579 28.9 16.02 -3.58 -1.03 -31.65 -15.67 3.72
580 28.95 15.82 -3.43 -0.97 -31.76 -15.97 3.56
581 29 15.62 -3.27 -0.91 -31.87 -16.28 3.39
582 29.05 15.40 -3.09 -0.85 -31.97 -16.60 3.20
583 29.1 15.17 -2.89 -0.78 -32.07 -16.92 2.99
584 29.15 14.93 -2.68 -0.71 -32.16 -17.25 2.77
585 29.2 14.66 -2.44 -0.64 -32.24 -17.59 2.52
586 29.25 14.39 -2.19 -0.56 -32.30 -17.92 2.26
587 29.3 14.09 -1.91 -0.48 -32.35 -18.27 1.97
588 29.35 13.78 -1.62 -0.40 -32.38 -18.61 1.66
589 29.4 13.44 -1.30 -0.31 -32.39 -18.95 1.33
590 29.45 13.08 -0.95 -0.22 -32.37 -19.29 0.98
591 29.5 12.70 -0.59 -0.13 -32.32 -19.62 0.60
592 29.55 12.29 -0.21 -0.05 -32.23 -19.94 0.21
593 29.6 11.87 0.19 0.04 -32.11 -20.24 -0.20
594 29.65 11.42 0.60 0.12 -31.95 -20.53 -0.61
595 29.7 10.95 1.01 0.20 -31.75 -20.80 -1.03
596 29.75 10.47 1.43 0.26 -31.51 -21.04 -1.45
597 29.8 9.98 1.84 0.32 -31.23 -21.25 -1.87
598 29.85 9.48 2.24 0.37 -30.91 -21.44 -2.27
599 29.9 8.98 2.64 0.42 -30.57 -21.60 -2.67
600 29.95 8.48 3.01 0.45 -30.20 -21.73 -3.05
601 30 8.07 3.37 0.48 -29.95 -21.90 -3.41
602 30.05 7.81 3.72 0.51 -29.93 -22.14 -3.75
603 30.1 7.70 4.04 0.55 -30.15 -22.47 -4.08
604 30.15 7.74 4.35 0.59 -30.58 -22.86 -4.39
605 30.2 7.91 4.65 0.64 -31.21 -23.32 -4.69
606 30.25 8.20 4.93 0.71 -32.00 -23.83 -4.98
607 30.3 8.60 5.19 0.78 -32.94 -24.38 -5.25
608 30.35 9.08 5.44 0.87 -34.00 -24.95 -5.51
609 30.4 9.65 5.68 0.96 -35.15 -25.54 -5.76
610 30.45 10.29 5.90 1.07 -36.36 -26.13 -6.00
611 30.5 10.98 6.11 1.18 -37.63 -26.72 -6.23
612 30.55 11.72 6.31 1.31 -38.94 -27.29 -6.45
613 30.6 12.50 6.50 1.44 -40.25 -27.84 -6.65
614 30.65 13.31 6.67 1.57 -41.57 -28.36 -6.85
615 30.7 14.14 6.82 1.71 -42.87 -28.84 -7.04
616 30.75 14.98 6.97 1.86 -44.15 -29.28 -7.21
617 30.8 15.84 7.10 2.01 -45.40 -29.68 -7.38
618 30.85 16.70 7.22 2.16 -46.59 -30.03 -7.53
619 30.9 17.57 7.32 2.31 -47.74 -30.32 -7.68
620 30.95 18.42 7.41 2.46 -48.82 -30.56 -7.81
621 31 19.26 7.49 2.61 -49.83 -30.74 -7.93
622 31.05 20.09 7.56 2.75 -50.77 -30.86 -8.04
623 31.1 20.90 7.61 2.90 -51.62 -30.91 -8.14
624 31.15 21.68 7.65 3.03 -52.38 -30.90 -8.23
625 31.2 22.43 7.68 3.16 -53.04 -30.82 -8.30
626 31.25 23.14 7.70 3.28 -53.59 -30.67 -8.37
627 31.3 23.81 7.71 3.39 -54.03 -30.45 -8.41
628 31.35 24.43 7.70 3.49 -54.36 -30.16 -8.45
629 31.4 25.00 7.69 3.57 -54.55 -29.79 -8.47
630 31.45 25.51 7.66 3.64 -54.61 -29.34 -8.48
631 31.5 25.96 7.63 3.70 -54.53 -28.82 -8.48
632 31.55 26.34 7.59 3.74 -54.32 -28.22 -8.46
633 31.6 26.66 7.54 3.77 -53.97 -27.56 -8.42
634 31.65 26.92 7.48 3.78 -53.51 -26.84 -8.38
635 31.7 27.11 7.42 3.78 -52.93 -26.07 -8.32
636 31.75 27.25 7.34 3.77 -52.25 -25.25 -8.25
637 31.8 27.32 7.27 3.74 -51.47 -24.38 -8.17
638 31.85 27.34 7.18 3.70 -50.59 -23.48 -8.07
639 31.9 27.31 7.09 3.65 -49.63 -22.55 -7.97
640 31.95 27.22 6.99 3.58 -48.58 -21.59 -7.85
641 32 27.07 6.89 3.51 -47.47 -20.61 -7.72
642 32.05 26.88 6.77 3.42 -46.29 -19.61 -7.59
643 32.1 26.64 6.66 3.33 -45.05 -18.60 -7.44
644 32.15 26.35 6.53 3.22 -43.76 -17.59 -7.28
645 32.2 26.02 6.40 3.11 -42.43 -16.58 -7.11
646 32.25 25.66 6.26 3.00 -41.06 -15.57 -6.93
647 32.3 25.26 6.11 2.87 -39.68 -14.58 -6.75
648 32.35 24.83 5.95 2.74 -38.29 -13.61 -6.55
649 32.4 24.37 5.78 2.61 -36.91 -12.67 -6.34
650 32.45 23.91 5.60 2.48 -35.55 -11.76 -6.12
651 32.5 23.43 5.41 2.34 -34.23 -10.91 -5.89
652 32.55 22.96 5.21 2.20 -32.97 -10.11 -5.65
653 32.6 22.49 4.99 2.06 -31.79 -9.39 -5.40
654 32.65 22.05 4.77 1.93 -30.73 -8.76 -5.14
655 32.7 21.64 4.52 1.79 -29.80 -8.23 -4.87
656 32.75 21.28 4.27 1.66 -29.04 -7.82 -4.58
657 32.8 20.99 3.99 1.53 -28.49 -7.55 -4.27
658 32.85 20.76 3.70 1.40 -28.15 -7.44 -3.96
659 32.9 20.62 3.39 1.28 -28.07 -7.49 -3.63
660 32.95 20.57 3.07 1.15 -28.25 -7.72 -3.28
661 33 20.55 2.73 1.02 -28.56 -8.03 -2.91
662 33.05 20.53 2.37 0.89 -28.86 -8.35 -2.53
663 33.1 20.49 2.00 0.75 -29.14 -8.66 -2.14
664 33.15 20.45 1.62 0.60 -29.40 -8.96 -1.73
665 33.2 20.39 1.24 0.46 -29.63 -9.25 -1.32
666 33.25 20.31 0.85 0.31 -29.84 -9.53 -0.90
667 33.3 20.23 0.45 0.17 -30.02 -9.80 -0.48
668 33.35 20.13 0.06 0.02 -30.18 -10.05 -0.06
669 33.4 20.02 -0.33 -0.12 -30.30 -10.28 0.35
670 33.45 19.90 -0.72 -0.26 -30.40 -10.50 0.77
671 33.5 19.77 -1.10 -0.40 -30.48 -10.71 1.17
672 33.55 19.64 -1.47 -0.53 -30.52 -10.89 1.56
673 33.6 19.50 -1.83 -0.65 -30.55 -11.06 1.95
674 33.65 19.35 -2.18 -0.77 -30.55 -11.21 2.31
675 33.7 19.21 -2.51 -0.88 -30.54 -11.35 2.66
676 33.75 19.06 -2.83 -0.98 -30.51 -11.47 2.99
677 33.8 18.92 -3.13 -1.07 -30.46 -11.57 3.30
678 33.85 18.78 -3.41 -1.16 -30.40 -11.66 3.60
679 33.9 18.65 -3.67 -1.24 -30.34 -11.73 3.87
680 33.95 18.52 -3.92 -1.31 -30.26 -11.79 4.13
681 34 18.40 -4.15 -1.38 -30.18 -11.84 4.37
682 34.05 18.28 -4.36 -1.44 -30.10 -11.87 4.59
683 34.1 18.17 -4.56 -1.50 -30.01 -11.90 4.80
684 34.15 18.07 -4.75 -1.55 -29.93 -11.93 4.99
685 34.2 17.97 -4.92 -1.59 -29.84 -11.95 5.17
686 34.25 17.87 -5.08 -1.64 -29.76 -11.96 5.34
687 34.3 17.79 -5.23 -1.67 -29.68 -11.97 5.49
688 34.35 17.71 -5.36 -1.71 -29.61 -11.98 5.63
689 34.4 17.63 -5.48 -1.74 -29.54 -11.99 5.75
690 34.45 17.56 -5.59 -1.77 -29.47 -12.00 5.86
691 34.5 17.50 -5.69 -1.79 -29.41 -12.00 5.96
692 34.55 17.44 -5.78 -1.81 -29.36 -12.01 6.05
693 34.6 17.39 -5.85 -1.83 -29.32 -12.02 6.13
694 34.65 17.34 -5.91 -1.84 -29.28 -12.04 6.19
695 34.7 17.30 -5.97 -1.85 -29.25 -12.05 6.25
696 34.75 17.26 -6.01 -1.86 -29.23 -12.07 6.29
697 34.8 17.23 -6.04 -1.87 -29.22 -12.09 6.32
698 34.85 17.20 -6.06 -1.87 -29.21 -12.12 6.34
699 34.9 17.17 -6.07 -1.87 -29.22 -12.14 6.35
700 34.95 17.15 -6.07 -1.87 -29.23 -12.18 6.35
701 35 17.13 -6.06 -1.86 -29.25 -12.22 6.34
702 35.05 17.12 -6.04 -1.86 -29.28 -12.26 6.32
703 35.1 17.11 -6.01 -1.85 -29.32 -12.31 6.29
704 35.15 17.10 -5.97 -1.83 -29.37 -12.36 6.25
705 35.2 17.10 -5.92 -1.82 -29.43 -12.42 6.20
706 35.25 17.10 -5.86 -1.80 -29.49 -12.49 6.13
707 35.3 17.10 -5.79 -1.78 -29.57 -12.55 6.06
708 35.35 17.11 -5.71 -1.75 -29.65 -12.63 5.97
709 35.4 17.12 -5.62 -1.73 -29.74 -12.70 5.88
710 35.45 17.13 -5.51 -1.70 -29.83 -12.79 5.77
711 35.5 17.14 -5.40 -1.66 -29.94 -12.87 5.64
712 35.55 17.16 -5.27 -1.62 -30.05 -12.96 5.51
713 35.6 17.18 -5.13 -1.58 -30.17 -13.05 5.36
714 35.65 17.21 -4.97 -1.54 -30.29 -13.15 5.20
715 35.7 17.23 -4.80 -1.49 -30.42 -13.25 5.03
716 35.75 17.26 -4.62 -1.43 -30.55 -13.35 4.84
717 35.8 17.29 -4.43 -1.38 -30.69 -13.45 4.64
718 35.85 17.32 -4.22 -1.31 -30.82 -13.55 4.42
719 35.9 17.35 -3.99 -1.25 -30.96 -13.65 4.18
720 35.95 17.38 -3.75 -1.17 -31.10 -13.76 3.93
721 36 17.42 -3.49 -1.10 -31.24 -13.85 3.66
722 36.05 17.45 -3.22 -1.01 -31.38 -13.95 3.37
723 36.1 17.49 -2.92 -0.92 -31.51 -14.04 3.07
724 36.15 17.52 -2.61 -0.82 -31.63 -14.13 2.74
725 36.2 17.56 -2.28 -0.72 -31.75 -14.21 2.39
726 36.25 17.59 -1.94 -0.61 -31.85 -14.28 2.03
727 36.3 17.61 -1.57 -0.50 -31.94 -14.34 1.65
728 36.35 17.63 -1.20 -0.38 -32.02 -14.39 1.26
729 36.4 17.65 -0.81 -0.26 -32.07 -14.43 0.85
730 36.45 17.65 -0.42 -0.13 -32.11 -14.46 0.44
731 36.5 17.65 -0.02 -0.01 -32.12 -14.47 0.02
732 36.55 17.63 0.38 0.12 -32.12 -14.48 -0.40
733 36.6 17.61 0.78 0.25 -32.09 -14.48 -0.82
734 36.65 17.58 1.17 0.37 -32.04 -14.46 -1.23
735 36.7 17.54 1.56 0.49 -31.97 -14.44 -1.64
736 36.75 17.50 1.94 0.61 -31.89 -14.40 -2.04
737 36.8 17.44 2.31 0.73 -31.78 -14.35 -2.42
738 36.85 17.39 2.66 0.83 -31.67 -14.30 -2.79
