0 0 -0.1373 0 0 0 
0 0 -0.1373 0 0 0 
0 0 -0.1373 0 0 0 
0 0 -0.1373 0 0 0 
0 0 -0.1373 0 0 0 
0 0 -0.1373 0 0 0 
0 0 -0.1373 0 0 0 
0 0 -0.1373 0 0 0 
0 0 -0.1373 0 0 0 
0 0 -0.1373 0 0 0 
0 0 -0.1373 0 0 0 
0 0 -0.1373 0 0 0 
-0.00980328 0.0314639 -0.0812997 -0.171658 0.97546 -0.137883 
-0.00765128 0.0327399 -0.0749517 -0.171658 0.97546 -0.137883 
-0.0136393 0.0315759 -0.0757317 -0.171658 0.97546 -0.137883 
-0.0177274 0.0297759 -0.0795179 -0.312294 0.920798 -0.233673 
-0.0230855 0.0278579 -0.0779275 -0.453066 0.876804 -0.161079 
-0.0291335 0.0243859 -0.0798155 -0.453066 0.876804 -0.161079 
-0.0255775 0.0254099 -0.0842435 -0.453066 0.876804 -0.161079 
-0.0202194 0.0273279 -0.0858339 -0.312294 0.920798 -0.233673 
-0.0200442 0.026807 -0.0916065 -0.351397 0.93468 0.0537838 
-0.0167842 0.028327 -0.0967225 -0.351397 0.93468 0.0537838 
-0.0137162 0.029143 -0.0908585 -0.351397 0.93468 0.0537838 
-0.0138914 0.0296639 -0.0850859 -0.312294 0.920798 -0.233673 
0 0 -0.1373 0 0 0 
0 0 -0.1373 0 0 0 
0 0 -0.1373 0 0 0 
0 0 -0.1373 0 0 0 
0 0 -0.1373 0 0 0 
0 0 -0.1373 0 0 0 
0 0 -0.1373 0 0 0 
0 0 -0.1373 0 0 0 
0 0 -0.1373 0 0 0 
0 0 -0.1373 0 0 0 
0 0 -0.1373 0 0 0 
0 0 -0.1373 0 0 0 
0 0 -0.1373 0 0 0 
0 0 -0.1373 0 0 0 
0 0 -0.1373 0 0 0 
0 0 -0.1373 0 0 0 
0 0 -0.1373 0 0 0 
0 0 -0.1373 0 0 0 
0 0 -0.1373 0 0 0 
0 0 -0.1373 0 0 0 
0 0 -0.1373 0 0 0 
0 0 -0.1373 0 0 0 
0 0 -0.1373 0 0 0 
0 0 -0.1373 0 0 0 
0 0 -0.1373 0 0 0 
0 0 -0.1373 0 0 0 
0 0 -0.1373 0 0 0 
0 0 -0.1373 0 0 0 
0 0 -0.1373 0 0 0 
0 0 -0.1373 0 0 0 
0 0 -0.1373 0 0 0 
0 0 -0.1373 0 0 0 
0 0 -0.1373 0 0 0 
0 0 -0.1373 0 0 0 
0 0 -0.1373 0 0 0 
0 0 -0.1373 0 0 0 
-0.0137162 -0.029143 -0.0908585 -0.351397 -0.93468 0.0537838 
-0.0167842 -0.028327 -0.0967225 -0.351397 -0.93468 0.0537838 
-0.0200442 -0.026807 -0.0916065 -0.351397 -0.93468 0.0537838 
-0.0202194 -0.0273279 -0.0858339 -0.312294 -0.920798 -0.233673 
-0.0255775 -0.0254099 -0.0842435 -0.453066 -0.876804 -0.161079 
-0.0291335 -0.0243859 -0.0798155 -0.453066 -0.876804 -0.161079 
-0.0230855 -0.0278579 -0.0779275 -0.453066 -0.876804 -0.161079 
-0.0177274 -0.0297759 -0.0795179 -0.312294 -0.920798 -0.233673 
-0.0136393 -0.0315759 -0.0757317 -0.171658 -0.97546 -0.137883 
-0.00765128 -0.0327399 -0.0749517 -0.171658 -0.97546 -0.137883 
-0.00980328 -0.0314639 -0.0812997 -0.171658 -0.97546 -0.137883 
-0.0138914 -0.0296639 -0.0850859 -0.312294 -0.920798 -0.233673 
0 0 -0.1373 0 0 0 
0 0 -0.1373 0 0 0 
0 0 -0.1373 0 0 0 
0 0 -0.1373 0 0 0 
0 0 -0.1373 0 0 0 
0 0 -0.1373 0 0 0 
0 0 -0.1373 0 0 0 
0 0 -0.1373 0 0 0 
0 0 -0.1373 0 0 0 
0 0 -0.1373 0 0 0 
0 0 -0.1373 0 0 0 
0 0 -0.1373 0 0 0 
0 0 -0.1373 0 0 0 
0 0 -0.1373 0 0 0 
0 0 -0.1373 0 0 0 
0 0 -0.1373 0 0 0 
0 0 -0.1373 0 0 0 
0 0 -0.1373 0 0 0 
0 0 -0.1373 0 0 0 
0 0 -0.1373 0 0 0 
0 0 -0.1373 0 0 0 
0 0 -0.1373 0 0 0 
0 0 -0.1373 0 0 0 
0 0 -0.1373 0 0 0 
-0.0276271 0.00506837 -0.13038 -0.955808 0.208797 -0.206966 
-0.0268111 0.0109964 -0.128168 -0.955808 0.208797 -0.206966 
-0.0284791 0.00838037 -0.123104 -0.955808 0.208797 -0.206966 
-0.0294671 0.003312 -0.120104 -0.993214 -6.08148e-17 -0.116303 
-0.0306442 0.003312 -0.114479 -0.949789 -5.81559e-17 -0.312892 
-0.0321082 -1.96599e-18 -0.110035 -0.949789 -5.81559e-17 -0.312892 
-0.0306442 -0.003312 -0.114479 -0.949789 -5.81559e-17 -0.312892 
-0.0294671 -0.003312 -0.120104 -0.993214 -6.08148e-17 -0.116303 
-0.0284791 -0.00838037 -0.123104 -0.955808 -0.208797 -0.206966 
-0.0268111 -0.0109964 -0.128168 -0.955808 -0.208797 -0.206966 
-0.0276271 -0.00506837 -0.13038 -0.955808 -0.208797 -0.206966 
-0.0286151 -1.75211e-18 -0.12738 -0.993214 -6.08148e-17 -0.116303 
-0.0232459 -0.0189208 -0.119302 -0.850876 -0.525291 -0.00890626 
-0.0255259 -0.0151368 -0.124658 -0.850876 -0.525291 -0.00890626 
-0.0271939 -0.0125208 -0.119594 -0.850876 -0.525291 -0.00890626 
-0.0277523 -0.012994 -0.113844 -0.82225 -0.517984 -0.235792 
-0.0303419 -0.00810289 -0.112247 -0.950164 -0.298253 -0.0907352 
-0.0318059 -0.00479089 -0.107803 -0.950164 -0.298253 -0.0907352 
-0.0298299 -0.0113829 -0.106827 -0.950164 -0.298253 -0.0907352 
-0.0272403 -0.016274 -0.108424 -0.82225 -0.517984 -0.235792 
-0.0242726 -0.0206578 -0.105768 -0.711198 -0.701219 -0.0498971 
-0.0194846 -0.0255498 -0.105264 -0.711198 -0.701219 -0.0498971 
-0.0208366 -0.0237778 -0.110896 -0.711198 -0.701219 -0.0498971 
-0.0238043 -0.019394 -0.113552 -0.82225 -0.517984 -0.235792 
-0.0238041 -0.0240893 -0.0945784 -0.6836 -0.692741 -0.229783 
-0.0205441 -0.0256093 -0.0996944 -0.6836 -0.692741 -0.229783 
-0.0253321 -0.0207173 -0.100198 -0.6836 -0.692741 -0.229783 
-0.0292644 -0.0162764 -0.0990637 -0.824794 -0.55489 -0.108684 
-0.0310397 -0.0115023 -0.101637 -0.880888 -0.316201 -0.352213 
-0.0330157 -0.00491034 -0.102613 -0.880888 -0.316201 -0.352213 
-0.0338317 -0.00812634 -0.097685 -0.880888 -0.316201 -0.352213 
-0.0320564 -0.0129004 -0.0951117 -0.824794 -0.55489 -0.108684 
-0.032686 -0.0149863 -0.089202 -0.704766 -0.559123 -0.436677 
-0.031922 -0.0207103 -0.083106 -0.704766 -0.559123 -0.436677 
-0.028366 -0.0217343 -0.087534 -0.704766 -0.559123 -0.436677 
-0.0277364 -0.0196484 -0.0934437 -0.824794 -0.55489 -0.108684 
0 0 -0.1373 0 0 0 
0 0 -0.1373 0 0 0 
0 0 -0.1373 0 0 0 
0 0 -0.1373 0 0 0 
0 0 -0.1373 0 0 0 
0 0 -0.1373 0 0 0 
0 0 -0.1373 0 0 0 
0 0 -0.1373 0 0 0 
0 0 -0.1373 0 0 0 
0 0 -0.1373 0 0 0 
0 0 -0.1373 0 0 0 
0 0 -0.1373 0 0 0 
-0.0253321 0.0207173 -0.100198 -0.6836 0.692741 -0.229783 
-0.0205441 0.0256093 -0.0996944 -0.6836 0.692741 -0.229783 
-0.0238041 0.0240893 -0.0945784 -0.6836 0.692741 -0.229783 
-0.0277364 0.0196484 -0.0934437 -0.824794 0.55489 -0.108684 
-0.028366 0.0217343 -0.087534 -0.704766 0.559123 -0.436677 
-0.031922 0.0207103 -0.083106 -0.704766 0.559123 -0.436677 
-0.032686 0.0149863 -0.089202 -0.704766 0.559123 -0.436677 
-0.0320564 0.0129004 -0.0951117 -0.824794 0.55489 -0.108684 
-0.0338317 0.00812634 -0.097685 -0.880888 0.316201 -0.352213 
-0.0330157 0.00491034 -0.102613 -0.880888 0.316201 -0.352213 
-0.0310397 0.0115023 -0.101637 -0.880888 0.316201 -0.352213 
-0.0292644 0.0162764 -0.0990637 -0.824794 0.55489 -0.108684 
-0.0208366 0.0237778 -0.110896 -0.711198 0.701219 -0.0498971 
-0.0194846 0.0255498 -0.105264 -0.711198 0.701219 -0.0498971 
-0.0242726 0.0206578 -0.105768 -0.711198 0.701219 -0.0498971 
-0.0272403 0.016274 -0.108424 -0.82225 0.517984 -0.235792 
-0.0298299 0.0113829 -0.106827 -0.950164 0.298253 -0.0907352 
-0.0318059 0.00479089 -0.107803 -0.950164 0.298253 -0.0907352 
-0.0303419 0.00810289 -0.112247 -0.950164 0.298253 -0.0907352 
-0.0277523 0.012994 -0.113844 -0.82225 0.517984 -0.235792 
-0.0271939 0.0125208 -0.119594 -0.850876 0.525291 -0.00890626 
-0.0255259 0.0151368 -0.124658 -0.850876 0.525291 -0.00890626 
-0.0232459 0.0189208 -0.119302 -0.850876 0.525291 -0.00890626 
-0.0238043 0.019394 -0.113552 -0.82225 0.517984 -0.235792 
0 0 -0.1373 0 0 0 
0 0 -0.1373 0 0 0 
0 0 -0.1373 0 0 0 
0 0 -0.1373 0 0 0 
0 0 -0.1373 0 0 0 
0 0 -0.1373 0 0 0 
0 0 -0.1373 0 0 0 
0 0 -0.1373 0 0 0 
0 0 -0.1373 0 0 0 
0 0 -0.1373 0 0 0 
0 0 -0.1373 0 0 0 
0 0 -0.1373 0 0 0 
0 0 -0.1373 0 0 0 
0 0 -0.1373 0 0 0 
0 0 -0.1373 0 0 0 
0 0 -0.1373 0 0 0 
0 0 -0.1373 0 0 0 
0 0 -0.1373 0 0 0 
0 0 -0.1373 0 0 0 
0 0 -0.1373 0 0 0 
0 0 -0.1373 0 0 0 
0 0 -0.1373 0 0 0 
0 0 -0.1373 0 0 0 
0 0 -0.1373 0 0 0 
0.0128013 0.0320129 -0.0706883 0.165067 0.98619 0.0134717 
0.00709333 0.0329089 -0.0663403 0.165067 0.98619 0.0134717 
0.00671733 0.0330609 -0.0728603 0.165067 0.98619 0.0134717 
0.00922293 0.0327446 -0.0782905 0.161977 0.986543 0.0222954 
0.00594793 0.0333566 -0.0831529 0.153331 0.988088 0.0131321 
0.00553993 0.0335046 -0.0895249 0.153331 0.988088 0.0131321 
0.0112599 0.0326006 -0.0882929 0.153331 0.988088 0.0131321 
0.0145349 0.0319886 -0.0834305 0.161977 0.986543 0.0222954 
0.0202932 0.0303908 -0.0843086 0.37332 0.9277 -0.00236799 
0.0260612 0.0280788 -0.0807326 0.37332 0.9277 -0.00236799 
0.0210652 0.0300988 -0.0769966 0.37332 0.9277 -0.00236799 
0.0153069 0.0316966 -0.0761185 0.161977 0.986543 0.0222954 
0.0169824 0.0309735 -0.0602846 0.179424 0.983221 0.0329313 
0.0107624 0.0321655 -0.0619846 0.179424 0.983221 0.0329313 
0.0164704 0.0312695 -0.0663326 0.179424 0.983221 0.0329313 
0.0218056 0.0298519 -0.0672304 0.341356 0.939779 0.0170966 
0.0242551 0.0289131 -0.0722197 0.358349 0.933243 -0.025385 
0.0292511 0.0268931 -0.0759557 0.358349 0.933243 -0.025385 
0.0300471 0.0267611 -0.0695717 0.358349 0.933243 -0.025385 
0.0275976 0.0276999 -0.0645824 0.341356 0.939779 0.0170966 
0.0308714 0.0264992 -0.0600655 0.33018 0.943915 -0.00251659 
0.0312994 0.0263672 -0.0534215 0.33018 0.943915 -0.00251659 
0.0255914 0.0283552 -0.0566655 0.33018 0.943915 -0.00251659 
0.0223176 0.0295559 -0.0611824 0.341356 0.939779 0.0170966 
0.00825799 0.0324836 -0.0506626 0.186387 0.982452 0.00691542 
0.00770999 0.0326316 -0.0569186 0.186387 0.982452 0.00691542 
0.01393 0.0314396 -0.0552186 0.186387 0.982452 0.00691542 
0.0173811 0.0306625 -0.0504221 0.203473 0.978649 0.0290586 
0.023248 0.0291003 -0.0512559 0.317718 0.947933 0.021874 
0.028956 0.0271123 -0.0480119 0.317718 0.947933 0.021874 
0.023628 0.0288043 -0.0439479 0.317718 0.947933 0.021874 
0.0177611 0.0303665 -0.0431141 0.203473 0.978649 0.0290586 
0.0154773 0.0308134 -0.0377453 0.221994 0.974955 -0.0134702 
0.0104693 0.0320014 -0.0342933 0.221994 0.974955 -0.0134702 
0.00942533 0.0321534 -0.0404973 0.221994 0.974955 -0.0134702 
0.0117091 0.0317065 -0.0458661 0.203473 0.978649 0.0290586 
0.00671733 -0.0330609 -0.0728603 0.165067 -0.98619 0.0134717 
0.00709333 -0.0329089 -0.0663403 0.165067 -0.98619 0.0134717 
0.0128013 -0.0320129 -0.0706883 0.165067 -0.98619 0.0134717 
0.0153069 -0.0316966 -0.0761185 0.161977 -0.986543 0.0222954 
0.0210652 -0.0300988 -0.0769966 0.37332 -0.9277 -0.00236799 
0.0260612 -0.0280788 -0.0807326 0.37332 -0.9277 -0.00236799 
0.0202932 -0.0303908 -0.0843086 0.37332 -0.9277 -0.00236799 
0.0145349 -0.0319886 -0.0834305 0.161977 -0.986543 0.0222954 
0.0112599 -0.0326006 -0.0882929 0.153331 -0.988088 0.0131321 
0.00553993 -0.0335046 -0.0895249 0.153331 -0.988088 0.0131321 
0.00594793 -0.0333566 -0.0831529 0.153331 -0.988088 0.0131321 
0.00922293 -0.0327446 -0.0782905 0.161977 -0.986543 0.0222954 
0.0123971 -0.0326247 -0.0989097 0.151774 -0.988204 0.0204465 
0.00784514 -0.0332327 -0.0945057 0.151774 -0.988204 0.0204465 
0.0135651 -0.0323287 -0.0932737 0.151774 -0.988204 0.0204465 
0.0185011 -0.0309016 -0.0942868 0.392101 -0.919331 -0.0329759 
0.022063 -0.0295434 -0.0900534 0.390642 -0.919863 -0.0353753 
0.027831 -0.0272314 -0.0864774 0.390642 -0.919863 -0.0353753 
0.026887 -0.0273634 -0.0934694 0.390642 -0.919863 -0.0353753 
0.0233251 -0.0287216 -0.0977028 0.392101 -0.919331 -0.0329759 
0.0262397 -0.0273845 -0.102143 0.385267 -0.922743 -0.0107245 
0.0257837 -0.0275165 -0.107167 0.385267 -0.922743 -0.0107245 
0.0202477 -0.0298605 -0.104363 0.385267 -0.922743 -0.0107245 
0.0173331 -0.0311976 -0.0999228 0.392101 -0.919331 -0.0329759 
0.0317411 -0.0237959 -0.0931003 0.75326 -0.651619 -0.089397 
0.0326851 -0.0236639 -0.0861083 0.75326 -0.651619 -0.089397 
0.0365291 -0.0187319 -0.0896683 0.75326 -0.651619 -0.089397 
0.0380516 -0.0159924 -0.0949472 0.764942 -0.62886 -0.139276 
0.0405465 -0.0109453 -0.0947604 0.963604 -0.197335 -0.180348 
0.0410185 -0.00548934 -0.0982084 0.963604 -0.197335 -0.180348 
0.0393545 -0.0109973 -0.101072 0.963604 -0.197335 -0.180348 
0.0368596 -0.0160444 -0.101259 0.764942 -0.62886 -0.139276 
0.0337398 -0.0193359 -0.10523 0.795591 -0.603206 -0.0563627 
0.0296878 -0.0244799 -0.107374 0.795591 -0.603206 -0.0563627 
0.0301438 -0.0243479 -0.10235 0.795591 -0.603206 -0.0563627 
0.0332636 -0.0210564 -0.0983792 0.764942 -0.62886 -0.139276 
0.0255914 -0.0283552 -0.0566655 0.33018 -0.943915 -0.00251659 
0.0312994 -0.0263672 -0.0534215 0.33018 -0.943915 -0.00251659 
0.0308714 -0.0264992 -0.0600655 0.33018 -0.943915 -0.00251659 
0.0275976 -0.0276999 -0.0645824 0.341356 -0.939779 0.0170966 
0.0300471 -0.0267611 -0.0695717 0.358349 -0.933243 -0.025385 
0.0292511 -0.0268931 -0.0759557 0.358349 -0.933243 -0.025385 
0.0242551 -0.0289131 -0.0722197 0.358349 -0.933243 -0.025385 
0.0218056 -0.0298519 -0.0672304 0.341356 -0.939779 0.0170966 
0.0164704 -0.0312695 -0.0663326 0.179424 -0.983221 0.0329313 
0.0107624 -0.0321655 -0.0619846 0.179424 -0.983221 0.0329313 
0.0169824 -0.0309735 -0.0602846 0.179424 -0.983221 0.0329313 
0.0223176 -0.0295559 -0.0611824 0.341356 -0.939779 0.0170966 
0.023628 -0.0288043 -0.0439479 0.317718 -0.947933 0.021874 
0.028956 -0.0271123 -0.0480119 0.317718 -0.947933 0.021874 
0.023248 -0.0291003 -0.0512559 0.317718 -0.947933 0.021874 
0.0173811 -0.0306625 -0.0504221 0.203473 -0.978649 0.0290586 
0.01393 -0.0314396 -0.0552186 0.186387 -0.982452 0.00691542 
0.00770999 -0.0326316 -0.0569186 0.186387 -0.982452 0.00691542 
0.00825799 -0.0324836 -0.0506626 0.186387 -0.982452 0.00691542 
0.0117091 -0.0317065 -0.0458661 0.203473 -0.978649 0.0290586 
0.00942533 -0.0321534 -0.0404973 0.221994 -0.974955 -0.0134702 
0.0104693 -0.0320014 -0.0342933 0.221994 -0.974955 -0.0134702 
0.0154773 -0.0308134 -0.0377453 0.221994 -0.974955 -0.0134702 
0.0177611 -0.0303665 -0.0431141 0.203473 -0.978649 0.0290586 
0.0479285 -0.00809769 -0.0413897 0.980821 -0.182693 -0.0679161 
0.0491685 -0.00279369 -0.0377497 0.980821 -0.182693 -0.0679161 
0.0486885 -0.00279369 -0.0446817 0.980821 -0.182693 -0.0679161 
0.0477523 -0.0053 -0.0496063 0.972802 -0.205608 -0.106687 
0.0475408 -0.00262239 -0.0542943 0.969267 -0.156542 -0.189782 
0.0463848 -0.00262239 -0.0601983 0.969267 -0.156542 -0.189782 
0.0460688 -0.00797839 -0.0573943 0.969267 -0.156542 -0.189782 
0.0462803 -0.010656 -0.0527063 0.972802 -0.205608 -0.106687 
0.0435921 -0.0155201 -0.0525054 0.710022 -0.700344 -0.0733914 
0.0392641 -0.0202881 -0.0488774 0.710022 -0.700344 -0.0733914 
0.0443041 -0.0154681 -0.0461134 0.710022 -0.700344 -0.0733914 
0.0469923 -0.010604 -0.0463143 0.972802 -0.205608 -0.106687 
0.0357208 -0.0232964 -0.0601519 0.727322 -0.685491 -0.0332343 
0.0361488 -0.0231644 -0.0535079 0.727322 -0.685491 -0.0332343 
0.0404768 -0.0183964 -0.0571359 0.727322 -0.685491 -0.0332343 
0.0425895 -0.0157121 -0.0623599 0.737429 -0.671604 -0.0717347 
0.0450187 -0.0106494 -0.0620256 0.988443 -0.111874 -0.1023 
0.0453347 -0.00529338 -0.0648296 0.988443 -0.111874 -0.1023 
0.0443227 -0.0107014 -0.0686936 0.988443 -0.111874 -0.1023 
0.0418935 -0.0157641 -0.0690279 0.737429 -0.671604 -0.0717347 
0.0387865 -0.018654 -0.0736208 0.734768 -0.673856 -0.0776827 
0.0339305 -0.023634 -0.0763528 0.734768 -0.673856 -0.0776827 
0.0347265 -0.023502 -0.0699688 0.734768 -0.673856 -0.0776827 
0.0378335 -0.0206121 -0.0653759 0.737429 -0.671604 -0.0717347 
0.0396827 -0.0158561 -0.0850251 0.741885 -0.660717 -0.114284 
0.0358387 -0.0207881 -0.0814651 0.741885 -0.660717 -0.114284 
0.0406947 -0.0158081 -0.0787331 0.741885 -0.660717 -0.114284 
0.0431993 -0.0108406 -0.0785884 0.973097 -0.170268 -0.155213 
0.0441685 -0.0081961 -0.0737919 0.988517 -0.130263 -0.0765836 
0.0451805 -0.0027881 -0.0699279 0.988517 -0.130263 -0.0765836 
0.0446605 -0.0027881 -0.0766399 0.988517 -0.130263 -0.0765836 
0.0436913 -0.0054326 -0.0814364 0.973097 -0.170268 -0.155213 
0.0433754 -0.00284237 -0.0864675 0.973477 -0.176336 -0.145767 
0.0423434 -0.00284237 -0.0933595 0.973477 -0.176336 -0.145767 
0.0418714 -0.00829837 -0.0899115 0.973477 -0.176336 -0.145767 
0.0421873 -0.0108886 -0.0848804 0.973097 -0.170268 -0.155213 
0.0418714 0.00829837 -0.0899115 0.973477 0.176336 -0.145767 
0.0423434 0.00284237 -0.0933595 0.973477 0.176336 -0.145767 
0.0433754 0.00284237 -0.0864675 0.973477 0.176336 -0.145767 
0.0436913 0.0054326 -0.0814364 0.973097 0.170268 -0.155213 
0.0446605 0.0027881 -0.0766399 0.988517 0.130263 -0.0765836 
0.0451805 0.0027881 -0.0699279 0.988517 0.130263 -0.0765836 
0.0441685 0.0081961 -0.0737919 0.988517 0.130263 -0.0765836 
0.0431993 0.0108406 -0.0785884 0.973097 0.170268 -0.155213 
0.0406947 0.0158081 -0.0787331 0.741885 0.660717 -0.114284 
0.0358387 0.0207881 -0.0814651 0.741885 0.660717 -0.114284 
0.0396827 0.0158561 -0.0850251 0.741885 0.660717 -0.114284 
0.0421873 0.0108886 -0.0848804 0.973097 0.170268 -0.155213 
0.0404768 0.0183964 -0.0571359 0.727322 0.685491 -0.0332343 
0.0361488 0.0231644 -0.0535079 0.727322 0.685491 -0.0332343 
0.0357208 0.0232964 -0.0601519 0.727322 0.685491 -0.0332343 
0.0378335 0.0206121 -0.0653759 0.737429 0.671604 -0.0717347 
0.0347265 0.023502 -0.0699688 0.734768 0.673856 -0.0776827 
0.0339305 0.023634 -0.0763528 0.734768 0.673856 -0.0776827 
0.0387865 0.018654 -0.0736208 0.734768 0.673856 -0.0776827 
0.0418935 0.0157641 -0.0690279 0.737429 0.671604 -0.0717347 
0.0443227 0.0107014 -0.0686936 0.988443 0.111874 -0.1023 
0.0453347 0.00529338 -0.0648296 0.988443 0.111874 -0.1023 
0.0450187 0.0106494 -0.0620256 0.988443 0.111874 -0.1023 
0.0425895 0.0157121 -0.0623599 0.737429 0.671604 -0.0717347 
0.0443041 0.0154681 -0.0461134 0.710022 0.700344 -0.0733914 
0.0392641 0.0202881 -0.0488774 0.710022 0.700344 -0.0733914 
0.0435921 0.0155201 -0.0525054 0.710022 0.700344 -0.0733914 
0.0462803 0.010656 -0.0527063 0.972802 0.205608 -0.106687 
0.0460688 0.00797839 -0.0573943 0.969267 0.156542 -0.189782 
0.0463848 0.00262239 -0.0601983 0.969267 0.156542 -0.189782 
0.0475408 0.00262239 -0.0542943 0.969267 0.156542 -0.189782 
0.0477523 0.0053 -0.0496063 0.972802 0.205608 -0.106687 
0.0486885 0.00279369 -0.0446817 0.980821 0.182693 -0.0679161 
0.0491685 0.00279369 -0.0377497 0.980821 0.182693 -0.0679161 
0.0479285 0.00809769 -0.0413897 0.980821 0.182693 -0.0679161 
0.0469923 0.010604 -0.0463143 0.972802 0.205608 -0.106687 
0.0393545 0.0109973 -0.101072 0.963604 0.197335 -0.180348 
0.0410185 0.00548934 -0.0982084 0.963604 0.197335 -0.180348 
0.0405465 0.0109453 -0.0947604 0.963604 0.197335 -0.180348 
0.0380516 0.0159924 -0.0949472 0.764942 0.62886 -0.139276 
0.0365291 0.0187319 -0.0896683 0.75326 0.651619 -0.089397 
0.0326851 0.0236639 -0.0861083 0.75326 0.651619 -0.089397 
0.0317411 0.0237959 -0.0931003 0.75326 0.651619 -0.089397 
0.0332636 0.0210564 -0.0983792 0.764942 0.62886 -0.139276 
0.0301438 0.0243479 -0.10235 0.795591 0.603206 -0.0563627 
0.0296878 0.0244799 -0.107374 0.795591 0.603206 -0.0563627 
0.0337398 0.0193359 -0.10523 0.795591 0.603206 -0.0563627 
0.0368596 0.0160444 -0.101259 0.764942 0.62886 -0.139276 
0.0202477 0.0298605 -0.104363 0.385267 0.922743 -0.0107245 
0.0257837 0.0275165 -0.107167 0.385267 0.922743 -0.0107245 
0.0262397 0.0273845 -0.102143 0.385267 0.922743 -0.0107245 
0.0233251 0.0287216 -0.0977028 0.392101 0.919331 -0.0329759 
0.026887 0.0273634 -0.0934694 0.390642 0.919863 -0.0353753 
0.027831 0.0272314 -0.0864774 0.390642 0.919863 -0.0353753 
0.022063 0.0295434 -0.0900534 0.390642 0.919863 -0.0353753 
0.0185011 0.0309016 -0.0942868 0.392101 0.919331 -0.0329759 
0.0135651 0.0323287 -0.0932737 0.151774 0.988204 0.0204465 
0.00784514 0.0332327 -0.0945057 0.151774 0.988204 0.0204465 
0.0123971 0.0326247 -0.0989097 0.151774 0.988204 0.0204465 
0.0173331 0.0311976 -0.0999228 0.392101 0.919331 -0.0329759 
